1.477978125923736393e+08 1.334438571947787577e-08
1.512404659002000690e+08 1.266921147290805856e-08
1.547633089049510062e+08 1.202783744435958332e-08
1.583682094646179378e+08 1.141871089294913235e-08
1.620570789451940656e+08 1.084027860897676345e-08
1.658318732341059446e+08 1.029085166551416033e-08
1.696945937772508860e+08 9.768665808714247500e-09
1.736472886401900053e+08 9.272365456680830201e-09
1.776920535940597653e+08 8.800698183642174441e-09
1.818310332267774343e+08 8.352573261024078426e-09
1.860664220801302195e+08 7.927030798021490186e-09
1.904004658133501410e+08 7.522923265535762275e-09
1.948354623937924206e+08 7.139085831936178184e-09
1.993737633153480887e+08 6.774484565403275701e-09
2.040177748452372849e+08 6.428278544271731253e-09
2.087699592998439372e+08 6.099560807423648030e-09
2.136328363502684534e+08 5.787518708555651381e-09
2.186089843582907617e+08 5.491345259239417398e-09
2.237010417434518039e+08 5.210164329036851349e-09
2.289117083819785714e+08 4.943059330883181777e-09
2.342437470382941365e+08 4.689318419287243372e-09
2.396999848298719227e+08 4.448291234784001606e-09
2.452833147262108922e+08 4.219405837973672289e-09
2.509966970827261806e+08 4.002162792161360883e-09
2.568431612103687823e+08 3.795969150553907240e-09
2.628258069818062484e+08 3.600219293422126992e-09
2.689478064750162959e+08 3.414373738982297132e-09
2.752124056551644802e+08 3.237995412988813875e-09
2.816229260956578851e+08 3.070613702165097637e-09
2.881827667392872572e+08 2.911805381251785856e-09
2.948954057003917098e+08 2.761153247106181342e-09
3.017644021090006828e+08 2.618205137826900227e-09
3.087933979979318380e+08 2.482487624579843373e-09
3.159861202338453531e+08 2.353628865141218837e-09
3.233463824932776093e+08 2.231292930465165098e-09
3.308780872847031355e+08 2.115181513623685153e-09
3.385852280176962614e+08 2.005035921883100609e-09
3.464718911202896237e+08 1.900551440457282215e-09
3.545422582056526542e+08 1.801414944638417115e-09
3.628006082892379165e+08 1.707346605093259006e-09
3.712513200575718284e+08 1.618120317312030247e-09
3.798988741898924708e+08 1.533493276016409402e-09
3.887478557338646054e+08 1.453246260724752087e-09
3.978029565366330147e+08 1.377164730384698756e-09
4.070689777325018048e+08 1.305016641791857494e-09
4.165508322885592580e+08 1.236558998538754232e-09
4.262535476095981598e+08 1.171598697681686091e-09
4.361822682037123442e+08 1.109963213446120242e-09
4.463422584099830389e+08 1.051497861737521744e-09
4.567389051897009015e+08 9.960693223224585912e-10
4.673777209826045036e+08 9.435219209162081354e-10
4.782643466296485066e+08 8.936947520954086614e-10
4.894045543638526201e+08 8.464435930963944843e-10
5.008042508708155155e+08 8.016520885284398194e-10
5.124694804205179811e+08 7.591957433542838387e-10
5.244064280720749497e+08 7.189616823229979958e-10
5.366214229531353712e+08 6.808402201016700574e-10
5.491209416156697273e+08 6.447130133525475211e-10
5.619116114699237347e+08 6.104561789278415995e-10
5.750002142983585596e+08 5.779700864785150211e-10
5.883936898514418602e+08 5.471666817546064991e-10
6.020991395271956921e+08 5.179662663731768195e-10
6.161238301364510059e+08 4.903005148424284743e-10
6.304751977558077574e+08 4.640903995644757801e-10
6.451608516703404188e+08 4.392537940261755242e-10
6.601885784081420898e+08 4.157168770142418920e-10
6.755663458688446283e+08 3.934201203265348605e-10
6.913023075483045578e+08 3.723001234922332070e-10
7.074048068616943359e+08 3.522991456707252725e-10
7.238823815672918558e+08 3.333614675743726330e-10
7.407437682933123112e+08 3.154271412526657179e-10
7.579979071701847315e+08 2.984334707531449204e-10
7.756539465707273483e+08 2.823294210356103235e-10
7.937212479607353210e+08 2.670703530923767183e-10
8.122093908625549078e+08 2.526154937663753462e-10
8.311281779342719316e+08 2.389300429352580482e-10
8.504876401672117710e+08 2.259741580967919761e-10
8.702980422045030594e+08 2.137062314063925748e-10
8.905698877835274935e+08 2.020887606112628513e-10
9.113139253051408529e+08 1.910914889116330281e-10
9.325411535326168537e+08 1.806823660473694532e-10
9.542628274233371019e+08 1.708320677944641756e-10
9.764904640963190794e+08 1.615124866693095417e-10
9.992358489387441874e+08 1.526934807625563361e-10
1.022511041854726553e+09 1.443435714515051790e-10
1.046328383659634113e+09 1.364368239663280603e-10
1.070700502623351336e+09 1.289507746545017214e-10
1.095640321165956020e+09 1.218647265125032529e-10
1.121161062709357262e+09 1.151610757971280550e-10
1.147276258688527822e+09 1.088198864979190473e-10
1.173999755726051569e+09 1.028202495584815065e-10
1.201345722973785162e+09 9.714326926851993282e-11
1.229328659625529766e+09 9.177367833007877246e-11
1.257963402604696512e+09 8.669540451925084687e-11
1.287265134431038380e+09 8.189367364602549454e-11
1.317249391270623684e+09 7.735441597938632269e-11
1.347932071173317909e+09 7.306259911722588963e-11
1.379329442502138138e+09 6.900255443402837062e-11
1.411458152558956623e+09 6.516121813509764802e-11
1.444335236411119223e+09 6.152737637393404352e-11
1.477978125923663855e+09 5.809061339207647098e-11
1.512404659001926422e+09 5.484209189734105105e-11
1.547633089049434185e+09 5.177191819360469991e-11
1.583682094646101713e+09 4.886967835052309974e-11
1.620570789451860905e+09 4.612593712029288955e-11
1.658318732340977907e+09 4.353305310715012857e-11
1.696945937772425413e+09 4.108303703852013756e-11
1.736472886401814938e+09 3.876851092162734361e-11
1.776920535940510273e+09 3.658249137080112695e-11
1.818310332267685175e+09 3.451754835373039305e-11
1.860664220801210880e+09 3.256595607049413037e-11
1.904004658133408070e+09 3.072119777662205183e-11
1.948354623937828541e+09 2.897772479264971648e-11
1.993737633153383017e+09 2.733034496025842706e-11
2.040177748452272654e+09 2.577465944285674131e-11
2.087699592998336792e+09 2.430580236043083460e-11
2.136328363502579689e+09 2.291863754381950394e-11
2.186089843582800388e+09 2.160850013450885426e-11
2.237010417434408188e+09 2.037160008870394018e-11
2.289117083819673538e+09 1.920400406486264077e-11
2.342437470382826328e+09 1.810206354757218748e-11
2.396999848298601627e+09 1.706234467247885452e-11
2.452833147261988640e+09 1.608121111750809407e-11
2.509966970827138424e+09 1.515489267299045375e-11
2.568431612103561878e+09 1.428017325037342962e-11
2.628258069817933559e+09 1.345433389806304382e-11
2.689478064750030994e+09 1.267481341718876278e-11
2.752124056551509857e+09 1.193944295474680134e-11
2.816229260956440449e+09 1.124585301462634038e-11
2.881827667392731190e+09 1.059153758246182075e-11
2.948954057003772259e+09 9.974215324928183932e-12
3.017644021089858532e+09 9.392025357777338375e-12
3.087933979979166985e+09 8.843051605293045621e-12
3.159861202338298321e+09 8.325509263517608770e-12
3.233463824932617188e+09 7.837727244795073022e-12
3.308780872846868992e+09 7.377945204475185384e-12
3.385852280176796436e+09 6.944344012673895102e-12
3.464718911202726364e+09 6.535355206374167961e-12
3.545422582056352615e+09 6.149660664248287674e-12
3.628006082892200947e+09 5.786011588445913754e-12
3.712513200575536251e+09 5.443349940205296403e-12
3.798988741898737907e+09 5.120534408583095746e-12
3.887478557338455200e+09 4.816356711631165520e-12
3.978029565366135120e+09 4.529714506453062408e-12
4.070689777324818134e+09 4.259704369800932980e-12
4.165508322885387897e+09 4.005403775420124181e-12
4.262535476095772266e+09 3.765950031424409842e-12
4.361822682036910057e+09 3.540539222496319503e-12
4.463422584099611282e+09 3.328329349337290847e-12
4.567389051896784782e+09 3.128453581908249481e-12
4.673777209825815201e+09 2.940156932920252050e-12
4.782643466296250343e+09 2.762807932876941718e-12
4.894045543638285637e+09 2.595805482120253013e-12
5.008042508707909584e+09 2.438639552544308549e-12
5.124694804204928398e+09 2.290767007976226611e-12
5.244064280720492363e+09 2.151612865749726856e-12
5.366214229531090736e+09 2.020651507915142986e-12
5.491209416156428337e+09 1.897449825532040367e-12
5.619116114698961258e+09 1.781569383865978172e-12
5.750002142983303070e+09 1.672598702361305621e-12
5.883936898514129639e+09 1.570155978382283510e-12
6.020991395271660805e+09 1.473843782838191694e-12
6.161238301364207268e+09 1.383254730709211785e-12
6.304751977557767868e+09 1.298030612642284581e-12
6.451608516703086853e+09 1.217872883657082847e-12
6.601885784081096649e+09 1.142496307332964323e-12
6.755663458688114166e+09 1.071658292985980084e-12
6.913023075482706070e+09 1.005103810584949057e-12
7.074048068616596222e+09 9.425631833431492312e-13
7.238823815672562599e+09 8.837894506537405675e-13
7.407437682932759285e+09 8.285778743065998720e-13
7.579979071701476097e+09 7.767230746388664996e-13
7.756539465706892014e+09 7.280316596870630015e-13
7.937212479606964111e+09 6.823248826179343428e-13
8.122093908625150681e+09 6.394178974972266364e-13
8.311281779342311859e+09 5.991221492949736327e-13
8.504876401671700478e+09 5.612703713907350299e-13
8.702980422044603348e+09 5.257234886166627262e-13
8.905698877834838867e+09 4.923482685570889276e-13
9.113139253050960541e+09 4.610310510529645749e-13
9.325411535325710297e+09 4.316538604360168471e-13
9.542628274232902527e+09 4.040922291812827039e-13
9.764904640962711334e+09 3.782320040105685274e-13
9.992358489386951447e+09 3.539779117707844804e-13
1.022511041854676437e+10 3.312352800310359860e-13
1.046328383659582710e+10 3.099146965869454330e-13
1.070700502623298836e+10 2.899338074454518151e-13
1.095640321165902328e+10 2.712080403156624635e-13
1.121161062709302139e+10 2.536515879241434650e-13
1.147276258688471413e+10 2.371877125595564632e-13
1.173999755725993919e+10 2.217526904705922312e-13
1.201345722973726082e+10 2.072853690876405662e-13
1.229328659625469589e+10 1.937333919287696404e-13
1.257963402604634857e+10 1.810430867044467968e-13
1.287265134430975151e+10 1.691580217269913444e-13
1.317249391270559120e+10 1.580263803655730923e-13
1.347932071173251724e+10 1.476046044291764067e-13
1.379329442502070427e+10 1.378498284170611619e-13
1.411458152558887482e+10 1.287214647612108835e-13
1.444335236411048317e+10 1.201822441698228442e-13
1.477978125923591423e+10 1.121941756053891620e-13
1.512404659001852226e+10 1.047189362325856887e-13
1.547633089049358177e+10 9.772200518092008417e-14
1.583682094646023941e+10 9.117472052598050607e-14
1.620570789451781464e+10 8.504955578853345771e-14
1.658318732340896606e+10 7.932284931726899634e-14
1.696945937772342300e+10 7.397063626503342006e-14
1.736472886401729584e+10 6.896783384877794604e-14
1.776920535940423203e+10 6.429139127813621691e-14
1.818310332267596054e+10 5.992178639159284313e-14
1.860664220801119614e+10 5.583999467423391228e-14
1.904004658133314514e+10 5.202796596685390790e-14
1.948354623937732697e+10 4.846916978645407054e-14
1.993737633153285217e+10 4.514688642559018797e-14
2.040177748452172470e+10 4.204435427821317498e-14
2.087699592998234177e+10 3.914637975966129245e-14
2.136328363502474594e+10 3.644033647625649198e-14
2.186089843582692719e+10 3.391410075893110379e-14
2.237010417434298325e+10 3.155720655177161722e-14
2.289117083819561005e+10 2.935917641826756737e-14
2.342437470382711411e+10 2.730910557825946612e-14
2.396999848298484039e+10 2.539696788732442932e-14
2.452833147261867905e+10 2.361420794556714559e-14
2.509966970827015305e+10 2.195256880344429164e-14
2.568431612103435516e+10 2.040420562246960824e-14
2.628258069817804718e+10 1.896195040026066600e-14
2.689478064749899292e+10 1.761861200806378566e-14
2.752124056551374817e+10 1.636702839930753072e-14
2.816229260956302261e+10 1.520067345740294320e-14
2.881827667392589951e+10 1.411411356535129499e-14
2.948954057003627777e+10 1.310213745277051974e-14
3.017644021089710236e+10 1.216022658816099386e-14
3.087933979979015350e+10 1.128390760758829170e-14
3.159861202338143158e+10 1.046855567009751410e-14
3.233463824932458496e+10 9.709918012287331559e-15
3.308780872846706390e+10 9.004339046589554794e-15
3.385852280176630020e+10 8.348323788623984447e-15
3.464718911202556610e+10 7.738549591860998179e-15
3.545422582056178284e+10 7.171986514592632868e-15
3.628006082892022705e+10 6.645620412664707476e-15
3.712513200575354004e+10 6.156470021755825723e-15
3.798988741898551178e+10 5.701807453245071550e-15
3.887478557338264465e+10 5.279355327283328619e-15
3.978029565365940094e+10 4.886933961086624332e-15
4.070689777324618530e+10 4.522645135201267926e-15
4.165508322885183716e+10 4.184629455747474520e-15
4.262535476095562744e+10 3.870979231595556951e-15
4.361822682036695862e+10 3.579940668815677036e-15
4.463422584099392700e+10 3.309995766096750278e-15
4.567389051896560669e+10 3.059706310433104800e-15
4.673777209825585938e+10 2.827705227311773077e-15
4.782643466296015930e+10 2.612748115772552043e-15
4.894045543638045502e+10 2.413607755614941330e-15
5.008042508707662964e+10 2.229079089145948508e-15
5.124694804204676819e+10 2.058056116571550224e-15
5.244064280720234680e+10 1.899612353597939455e-15
5.366214229530827332e+10 1.752863699394152038e-15
5.491209416156158447e+10 1.617036930486496341e-15
5.619116114698686218e+10 1.491382281435038736e-15
5.750002142983020782e+10 1.375137055648985251e-15
5.883936898513841248e+10 1.267600543202016223e-15
6.020991395271365356e+10 1.168162386493652705e-15
6.161238301363905334e+10 1.076249280099561560e-15
6.304751977557458496e+10 9.913168300709301153e-16
6.451608516702770233e+10 9.128703426018422569e-16
6.601885784080772400e+10 8.404262536525094290e-16
6.755663458687783051e+10 7.735133145742683506e-16
6.913023075482366943e+10 7.116981960764649357e-16
7.074048068616249084e+10 6.546164892514822463e-16
7.238823815672207642e+10 6.019217920687579445e-16
7.407437682932395935e+10 5.533099310769480018e-16
7.579979071701103210e+10 5.084888052932192272e-16
7.756539465706510925e+10 4.671640402587380392e-16
7.937212479606575012e+10 4.290654852167055268e-16
8.122093908624751282e+10 3.939565101825377130e-16
8.311281779341903687e+10 3.616166557097366357e-16
8.504876401671282959e+10 3.318369847625986065e-16
8.702980422044175720e+10 3.044279635866734202e-16
8.905698877834400940e+10 2.792059823822392765e-16
9.113139253050514221e+10 2.559935109334510268e-16
9.325411535325253296e+10 2.346271857646055449e-16
9.542628274232434082e+10 2.149690556406853334e-16
9.764904640962231445e+10 1.968885951651647564e-16
9.992358489386460876e+10 1.802707807574757548e-16
1.022511041854626160e+11 1.650061749008101745e-16
1.046328383659531403e+11 1.509855920235520428e-16
1.070700502623246307e+11 1.381089914591854747e-16
1.095640321165848541e+11 1.262883408842712949e-16
1.121161062709247131e+11 1.154422506412667284e-16
1.147276258688415222e+11 1.054938079946620411e-16
1.173999755725936279e+11 9.637337292599409414e-17
1.201345722973667145e+11 8.801409537844060111e-17
1.229328659625409241e+11 8.035186373629808885e-17
1.257963402604573059e+11 7.332770958790492386e-17
1.287265134430912018e+11 6.689162960833982046e-17
1.317249391270494537e+11 6.099656702740564120e-17
1.347932071173185577e+11 5.560093086147117477e-17
1.379329442502002869e+11 5.066550230889669089e-17
1.411458152558818054e+11 4.615156811621521087e-17
1.444335236410977478e+11 4.202373413976471873e-17
1.477978125923518677e+11 3.825074556263275586e-17
1.512404659001777954e+11 3.480391388100813732e-17
1.547633089049282227e+11 3.165623393454157152e-17
1.583682094645946045e+11 2.878330614355516971e-17
1.620570789451701965e+11 2.616192428880593716e-17
1.658318732340815125e+11 2.377001999690296147e-17
1.696945937772258911e+11 2.158732879127306094e-17
1.736472886401644287e+11 1.959659908283127778e-17
1.776920535940335999e+11 1.778169461824357086e-17
1.818310332267506714e+11 1.612832270844531428e-17
1.860664220801028442e+11 1.462312223890586462e-17
1.904004658133221130e+11 1.325305130223391053e-17
1.948354623937637329e+11 1.200621955709838308e-17
1.993737633153187256e+11 1.087210333662000393e-17
2.040177748452072449e+11 9.841109243475375822e-18
2.087699592998132019e+11 8.904250951723061243e-18
2.136328363502369995e+11 8.053429665765666303e-18
2.186089843582585449e+11 7.281014808168606472e-18
2.237010417434188538e+11 6.579813235569575766e-18
2.289117083819448547e+11 5.943238632661135065e-18
2.342437470382596436e+11 5.365664336864166727e-18
2.396999848298366089e+11 4.841862956934065559e-18
2.452833147261747742e+11 4.367198955072762009e-18
2.509966970826892090e+11 3.937375647664347530e-18
2.568431612103309631e+11 3.548247715591107886e-18
2.628258069817675476e+11 3.196049186030148701e-18
2.689478064749767151e+11 2.877443808502330348e-18
2.752124056551239624e+11 2.589410473351441367e-18
2.816229260956163940e+11 2.329135934346944797e-18
2.881827667392448730e+11 2.094092605958360907e-18
2.948954057003483276e+11 1.881921750643465280e-18
3.017644021089562378e+11 1.690420027710497416e-18
3.087933979978863525e+11 1.517578152944797070e-18
3.159861202337988281e+11 1.361674864098402376e-18
3.233463824932299805e+11 1.221122856962416912e-18
3.308780872846544189e+11 1.094514532542427371e-18
3.385852280176463623e+11 9.805562133014619030e-19
3.464718911202386475e+11 8.780148449282763260e-19
3.545422582056004639e+11 7.857750754626697963e-19
3.628006082891844482e+11 7.028492951852126707e-19
3.712513200575171509e+11 6.283491078040520111e-19
3.798988741898364868e+11 5.614529612326796674e-19
3.887478557338073730e+11 5.014255309014064797e-19
3.978029565365744629e+11 4.475873255971110025e-19
4.070689777324418945e+11 3.993096496497562480e-19
4.165508322884979248e+11 3.560221858926334810e-19
4.262535476095354004e+11 3.172355107983816637e-19
4.361822682036481323e+11 2.825019234201900030e-19
4.463422584099172974e+11 2.514249205340070053e-19
4.567389051896336670e+11 2.236432232760819788e-19
4.673777209825356445e+11 1.988167877622236413e-19
4.782643466295781250e+11 1.766396470021461332e-19
4.894045543637805176e+11 1.568414112589479962e-19
5.008042508707417603e+11 1.391805098063257813e-19
5.124694804204425659e+11 1.234353259435351129e-19
5.244064280719977417e+11 1.094084325138011682e-19
5.366214229530563354e+11 9.691923924210975614e-20
5.491209416155889282e+11 8.580232922087847981e-20
5.619116114698410645e+11 7.590861440881506236e-20
5.750002142982738037e+11 6.711008790925069462e-20
5.883936898513552246e+11 5.929068212331735195e-20
6.020991395271069336e+11 5.234788285861410843e-20
6.161238301363602295e+11 4.618911819184022826e-20
6.304751977557148438e+11 4.072838818473948981e-20
6.451608516702453613e+11 3.588879870091809211e-20
6.601885784080447998e+11 3.160263734267067428e-20
6.755663458687451172e+11 2.780984614993846134e-20
6.913023075482027588e+11 2.445582688381629014e-20
7.074048068615902100e+11 2.149221952599638691e-20
7.238823815671851807e+11 1.887525697589912948e-20
7.407437682932032471e+11 1.656527612107190974e-20
7.579979071700731201e+11 1.452680491579597843e-20
7.756539465706130371e+11 1.272941656751888594e-20
7.937212479606185303e+11 1.114578674374494578e-20
8.122093908624353027e+11 9.751885653198551660e-21
8.311281779341496582e+11 8.526220269722844932e-21
8.504876401670865479e+11 7.449093305723542503e-21
8.702980422043748779e+11 6.503025071576909121e-21
8.905698877833963623e+11 5.672702850954863834e-21
9.113139253050067139e+11 4.944652478206640377e-21
9.325411535324794922e+11 4.306749899970067695e-21
9.542628274231966553e+11 3.748331007423046710e-21
9.764904640961752930e+11 3.259853083191203456e-21
9.992358489385970459e+11 2.832766910241234641e-21
1.022511041854576050e+12 2.459495787145224260e-21
1.046328383659479980e+12 2.133558119227321395e-21
1.070700502623193726e+12 1.849194571036192199e-21
1.095640321165794800e+12 1.601370706577403761e-21
1.121161062709192139e+12 1.385630026083303526e-21
1.147276258688358887e+12 1.197946224326181336e-21
1.173999755725878662e+12 1.034777977279990135e-21
1.201345722973608154e+12 8.930444449018821184e-22
1.229328659625348877e+12 7.700588050551938953e-22
1.257963402604511230e+12 6.634312371893659156e-22
1.287265134430848877e+12 5.710773134408067459e-22
1.317249391270429932e+12 4.911543986036287488e-22
1.347932071173119385e+12 4.220321047261931461e-22
1.379329442501935059e+12 3.622806588493487985e-22
1.411458152558748779e+12 3.106826191462242569e-22
1.444335236410906494e+12 2.661688416176730004e-22
1.477978125923446289e+12 2.278121247827112964e-22
1.512404659001703857e+12 1.948010671467540594e-22
1.547633089049206299e+12 1.664135857890709036e-22
1.583682094645868408e+12 1.420211970126322709e-22
1.620570789451622314e+12 1.210819453208461685e-22
1.658318732340733887e+12 1.031280001009722909e-22
1.696945937772175781e+12 8.774861186650335039e-23
1.736472886401559082e+12 7.458911960632336381e-23
1.776920535940248779e+12 6.334015066731530534e-23
1.818310332267417480e+12 5.373167591283750785e-23
1.860664220800937012e+12 4.552975380722776121e-23
1.904004658133127686e+12 3.853654919956064839e-23
1.948354623937541504e+12 3.258059100261286118e-23
1.993737633153089355e+12 2.751465342342453136e-23
2.040177748451972412e+12 2.321154562329867202e-23
2.087699592998029297e+12 1.955989689265311682e-23
2.136328363502264893e+12 1.646395518449365492e-23
2.186089843582478271e+12 1.384204716278883036e-23
2.237010417434079102e+12 1.162450210358808130e-23
2.289117083819336426e+12 9.751037315041225727e-24
2.342437470382481445e+12 8.170224864696424401e-24
2.396999848298248535e+12 6.837860805863835084e-24
2.452833147261627441e+12 5.715941588254381617e-24
2.509966970826769043e+12 4.772000001695025833e-24
2.568431612103183594e+12 3.978836065352729232e-24
2.628258069817546387e+12 3.313220458793502663e-24
2.689478064749635254e+12 2.755452716466986227e-24
2.752124056551104492e+12 2.288760206025985542e-24
2.816229260956025879e+12 1.898712773491494269e-24
2.881827667392307129e+12 1.573080531922301792e-24
2.948954057003338379e+12 1.301568899374083200e-24
3.017644021089414062e+12 1.075517162981146998e-24
3.087933979978712402e+12 8.875543862590332253e-25
3.159861202337833008e+12 7.314815532250405273e-25
3.233463824932141113e+12 6.020578442370778193e-25
3.308780872846381836e+12 4.948532374120332793e-25
3.385852280176297852e+12 4.061435515329617660e-25
3.464718911202216309e+12 3.328465938944814452e-25
3.545422582055830566e+12 2.723739137223486098e-25
3.628006082891666504e+12 2.225628231958259041e-25
3.712513200574989258e+12 1.816026246500448434e-25
3.798988741898178711e+12 1.479654114511960022e-25
3.887478557337882812e+12 1.203777254025814716e-25
3.978029565365549316e+12 9.778448545583787308e-26
4.070689777324218750e+12 7.931240357950047205e-26
4.165508322884774414e+12 6.423205975428944564e-26
4.262535476095144531e+12 5.194028150286735672e-26
4.361822682036267090e+12 4.193660480499147466e-26
4.463422584098954102e+12 3.380602289686552554e-26
4.567389051896112305e+12 2.720607417662522703e-26
4.673777209825126953e+12 2.185765186092992981e-26
4.782643466295545898e+12 1.753081414123642023e-26
4.894045543637565430e+12 1.403684778026981499e-26
5.008042508707171875e+12 1.122077604622528635e-26
5.124694804204173828e+12 8.954622440954673165e-27
5.244064280719719727e+12 7.133783299877965697e-27
5.366214229530299805e+12 5.673210452205768449e-27
5.491209416155620117e+12 4.503845633725004246e-27
5.619116114698133789e+12 3.569230039473705122e-27
5.750002142982456055e+12 2.823596915067346537e-27
5.883936898513263672e+12 2.229778191983745569e-27
6.020991395270774414e+12 1.757619330457052044e-27
6.161238301363300781e+12 1.382765624257277457e-27
6.304751977556839844e+12 1.085740125096525896e-27
6.451608516702136719e+12 8.508471259422785153e-28
6.601885784080124023e+12 6.654760400667731540e-28
6.755663458687120117e+12 5.194999221866433039e-28
6.913023075481688477e+12 4.047574591761688414e-28
7.074048068615554688e+12 3.147279225374564132e-28
7.238823815671497070e+12 2.442264113846987785e-28
7.407437682931668945e+12 1.891367086732561342e-28
7.579979071700359375e+12 1.461753015800621813e-28
7.756539465705750000e+12 1.127420789041222982e-28
7.937212479605794922e+12 8.677691014897799171e-29
8.122093908623954102e+12 6.664988886901622706e-29
8.311281779341087891e+12 5.107696674263752015e-29
8.504876401670448242e+12 3.905457736570392241e-29
8.702980422043322266e+12 2.979437731628539564e-29
8.905698877833527344e+12 2.267868408064260992e-29
9.113139253049619141e+12 1.722421235039018938e-29
9.325411535324337891e+12 1.305213501049842463e-29
9.542628274231498047e+12 9.867707452156069362e-30
9.764904640961273438e+12 7.442637962190303678e-30
9.992358489385480469e+12 5.600434571165179279e-30
1.022511041854525781e+13 4.204243612679763002e-30
1.046328383659428711e+13 3.148633019500890465e-30
1.070700502623141211e+13 2.352418587132437874e-30
1.095640321165741016e+13 1.753208691195596623e-30
1.121161062709137109e+13 1.303253397584985295e-30
1.147276258688302539e+13 9.662478442900283119e-31
1.173999755725821094e+13 7.145069561498547368e-31
1.201345722973549219e+13 5.269710823676906898e-31
1.229328659625288477e+13 3.876555283504161374e-31
1.257963402604449609e+13 2.844231313628991877e-31
1.287265134430785547e+13 2.081191539986141395e-31
1.317249391270365234e+13 1.518685822035352773e-31
1.347932071173053125e+13 1.105197620982651285e-31
1.379329442501867383e+13 8.020709043136984986e-32
1.411458152558679492e+13 5.804709136888304154e-32
1.444335236410835742e+13 4.189199206555799812e-32
1.477978125923373828e+13 3.014594553014381513e-32
1.512404659001629688e+13 2.162817432973480138e-32
1.547633089049130469e+13 1.546995620120565513e-32
1.583682094645790625e+13 1.103137811267276384e-32
1.620570789451542773e+13 7.842316010866911363e-33
1.658318732340652344e+13 5.558385565494187671e-33
1.696945937772092383e+13 3.927546559145056491e-33
1.736472886401474023e+13 2.766475643861147544e-33
1.776920535940161328e+13 1.942416937076332585e-33
1.818310332267328125e+13 1.359484509063441171e-33
1.860664220800845703e+13 9.484274434106664235e-34
1.904004658133034375e+13 6.595122049368029458e-34
1.948354623937446094e+13 4.571043891878355958e-34
1.993737633152991406e+13 3.157489494461126465e-34
2.040177748451872266e+13 2.173418463638910887e-34
2.087699592997926953e+13 1.490738616670782630e-34
2.136328363502160156e+13 1.018846514970185868e-34
2.186089843582371094e+13 6.938499083606907016e-35
2.237010417433969141e+13 4.708545558778364738e-35
2.289117083819223828e+13 3.183817777146936045e-35
2.342437470382366406e+13 2.144912520916602256e-35
2.396999848298130859e+13 1.439608343137442671e-35
2.452833147261507031e+13 9.626245182514613630e-36
2.509966970826645703e+13 6.412474653785122321e-36
2.568431612103057422e+13 4.255371268404799825e-36
2.628258069817417578e+13 2.813023963736191433e-36
2.689478064749503125e+13 1.852202031542526617e-36
2.752124056550969531e+13 1.214555967366610087e-36
2.816229260955887500e+13 7.931197727731197713e-37
2.881827667392165625e+13 5.157550267444289024e-37
2.948954057003193359e+13 3.339870439039072830e-37
3.017644021089266016e+13 2.153827133477934821e-37
3.087933979978560547e+13 1.383117944487579717e-37
3.159861202337678125e+13 8.843595225612663007e-38
3.233463824931982422e+13 5.629744522155445192e-38
3.308780872846219141e+13 3.568131596344079804e-38
3.385852280176131641e+13 2.251435747146251448e-38
3.464718911202046094e+13 1.414251948041474754e-38
3.545422582055656250e+13 8.843390997711791230e-39
3.628006082891488281e+13 5.504068426253769374e-39
3.712513200574807031e+13 3.409183147302137856e-39
3.798988741897992188e+13 2.101316851146075864e-39
3.887478557337692188e+13 1.288835633587607429e-39
3.978029565365353906e+13 7.866173617338974707e-40
4.070689777324018750e+13 4.777506426635443366e-40
4.165508322884570312e+13 2.887209318854453726e-40
4.262535476094935156e+13 1.735968535014833224e-40
4.361822682036053125e+13 1.038378308387108001e-40
4.463422584098735156e+13 6.179008765160962453e-41
4.567389051895888281e+13 3.657636054591387835e-41
4.673777209824897656e+13 2.153657901720864608e-41
4.782643466295311719e+13 1.261297892623983155e-41
4.894045543637325000e+13 7.346209160043350840e-42
5.008042508706925781e+13 4.254357783195781466e-42
5.124694804203922656e+13 2.449613871880394724e-42
5.244064280719462500e+13 1.402305377628615173e-42
5.366214229530036719e+13 7.981065087826006958e-43
5.491209416155350000e+13 4.516080272981542433e-43
5.619116114697858594e+13 2.540426629954515289e-43
5.750002142982174219e+13 1.420479660458993117e-43
5.883936898512974219e+13 7.894124439379238280e-44
6.020991395270478906e+13 4.360226721445079733e-44
6.161238301362997656e+13 2.393387435061528936e-44
6.304751977556529688e+13 1.305523010110329453e-44
6.451608516701820312e+13 7.075971460667768098e-45
6.601885784079800000e+13 3.810196441442911768e-45
6.755663458686788281e+13 2.037881585844094613e-45
6.913023075481349219e+13 1.082535791994722671e-45
7.074048068615207812e+13 5.711151476136862378e-46
7.238823815671142188e+13 2.992342120248262036e-46
7.407437682931304688e+13 1.557079936715357389e-46
7.579979071699987500e+13 8.045942561042137202e-47
7.756539465705368750e+13 4.127988389375312795e-47
7.937212479605406250e+13 2.102544021116358997e-47
8.122093908623556250e+13 1.063133260434336781e-47
8.311281779340679688e+13 5.336064818648835707e-48
8.504876401670031250e+13 2.658306236629613889e-48
8.702980422042895312e+13 1.314292634696743058e-48
8.905698877833089062e+13 6.447617853934138292e-49
9.113139253049171875e+13 3.137798433621845211e-49
9.325411535323879688e+13 1.514688491265020942e-49
9.542628274231029688e+13 7.252335244381687148e-50
9.764904640960793750e+13 3.444071428387931899e-50
9.992358489384989062e+13 1.622212733296151954e-50
1.022511041854475625e+14 7.577565669840255291e-51
1.046328383659377344e+14 3.509576989891353409e-51
1.070700502623088594e+14 1.611474056207036779e-51
1.095640321165687188e+14 7.335341348909488393e-52
1.121161062709082031e+14 3.309716698054252310e-52
1.147276258688246250e+14 1.480073787498491307e-52
1.173999755725763438e+14 6.559008042488768822e-53
1.201345722973490312e+14 2.879759601001898881e-53
1.229328659625228125e+14 1.252336202425705019e-53
1.257963402604387812e+14 5.393583408324896482e-54
1.287265134430722344e+14 2.300414219356828247e-54
1.317249391270300469e+14 9.715941699510802093e-55
1.347932071172987031e+14 4.063591903922366549e-55
1.379329442501799688e+14 1.682730250011002708e-55
1.411458152558610312e+14 6.897630764425543682e-56
1.444335236410764688e+14 2.798307711859783880e-56
1.477978125923301250e+14 1.123514460400049628e-56
1.512404659001555312e+14 4.463569927962113711e-57
1.547633089049054375e+14 1.754450860057750841e-57
1.583682094645712812e+14 6.821497261921764400e-58
1.620570789451463125e+14 2.622881985778625809e-58
1.658318732340570938e+14 9.970179769362208465e-59
1.696945937772009062e+14 3.746165896337877953e-59
1.736472886401388750e+14 1.391256114995575961e-59
1.776920535940074375e+14 5.106635386577385530e-60
1.818310332267239062e+14 1.852505026698435634e-60
1.860664220800754375e+14 6.640463032933927094e-61
1.904004658132940938e+14 2.351444747336140026e-61
1.948354623937350312e+14 8.224015960966977813e-62
1.993737633152893750e+14 2.840626794437254747e-62
2.040177748451771875e+14 9.688198688843513495e-63
2.087699592997824375e+14 3.262029918215483360e-63
2.136328363502055312e+14 1.084060081915314408e-63
2.186089843582263750e+14 3.554632410439921015e-64
2.237010417433859375e+14 1.149617116268568496e-64
2.289117083819111562e+14 3.666492805352761556e-65
2.342437470382251562e+14 1.153078098979916999e-65
2.396999848298013125e+14 3.575534174637645897e-66
2.452833147261386562e+14 1.093144890878547517e-66
2.509966970826522500e+14 3.294331340403155952e-67
2.568431612102931250e+14 9.782934426921288912e-68
2.628258069817288438e+14 2.862079781808700620e-68
2.689478064749371250e+14 8.248249587051643736e-69
2.752124056550834375e+14 2.341034274637153405e-69
2.816229260955749375e+14 6.542073871112573384e-70
2.881827667392024375e+14 1.799549795440644587e-70
2.948954057003048750e+14 4.870527872668946314e-71
3.017644021089118125e+14 1.296473572725039431e-71
3.087933979978408750e+14 3.393386606137611670e-72
3.159861202337523125e+14 8.732729172982238227e-73
3.233463824931823750e+14 2.209371201190341075e-73
3.308780872846056875e+14 5.494885828682368418e-74
3.385852280175965000e+14 1.343053046766398908e-74
3.464718911201876250e+14 3.224795635767302093e-75
3.545422582055482500e+14 7.604371166262758312e-76
3.628006082891310625e+14 1.760835395190481805e-76
3.712513200574625000e+14 4.002607500326419914e-77
3.798988741897805625e+14 8.929036090845940131e-78
3.887478557337501250e+14 1.954114961612269294e-78
3.978029565365158750e+14 4.193349884723348076e-79
4.070689777323819375e+14 8.818845279199488244e-80
4.165508322884365625e+14 1.817145856754638616e-80
4.262535476094726250e+14 3.668196928840532716e-81
4.361822682035839375e+14 7.253450196762980156e-82
4.463422584098516250e+14 1.404821929709989296e-82
4.567389051895664375e+14 2.663935651642945447e-83
4.673777209824668750e+14 4.943613620414800505e-84
4.782643466295076875e+14 8.975014879292790591e-85
4.894045543637085000e+14 1.593748895512947598e-85
5.008042508706680000e+14 2.767214313191131333e-86
5.124694804203670625e+14 4.696106939776079364e-87
5.244064280719205000e+14 7.785930585212195917e-88
5.366214229529773125e+14 1.260342547345520585e-88
5.491209416155080625e+14 1.990665076578605223e-89
5.619116114697582500e+14 3.066931186080267942e-90
5.750002142981891250e+14 4.608443567921818348e-91
5.883936898512686250e+14 6.752746663537097516e-92
6.020991395270183750e+14 9.647639939224890598e-93
6.161238301362695000e+14 1.343309142250071730e-93
6.304751977556220000e+14 1.821753643801322344e-94
6.451608516701503750e+14 2.405364986745541803e-95
6.601885784079476250e+14 3.091374818432573526e-96
6.755663458686456250e+14 3.865514458628761775e-97
6.913023075481010000e+14 4.700437796596233615e-98
7.074048068614860000e+14 5.555157700573901553e-99
7.238823815670786250e+14 6.375889408353947262e-100
7.407437682930941250e+14 7.101258050919771022e-101
7.579979071699615000e+14 7.672131635164928610e-102
7.756539465704988750e+14 8.039338668970516576e-103
7.937212479605016250e+14 8.168916452932393939e-104
8.122093908623157500e+14 8.047594215923327826e-105
8.311281779340272500e+14 7.681952088595003267e-106
8.504876401669613750e+14 7.100089023550601084e-107
8.702980422042467500e+14 6.350681302940394145e-108
8.905698877832652500e+14 5.495598392049812521e-109
9.113139253048725000e+14 4.598375281364879765e-110
9.325411535323421250e+14 3.718120119168713358e-111
9.542628274230561250e+14 2.903053181788469160e-112
9.764904640960315000e+14 2.186597784055473611e-113
9.992358489384498750e+14 1.587260644633212602e-114
1.022511041854425500e+15 1.109924680809898738e-115
1.046328383659326000e+15 7.475314042039161441e-117
1.070700502623036125e+15 4.847909446246182231e-118
1.095640321165633500e+15 3.026641697461698063e-119
1.121161062709027000e+15 1.817717364392427063e-120
1.147276258688190000e+15 1.049188071222909832e-121
1.173999755725705750e+15 5.816575005670529098e-123
1.201345722973431250e+15 3.096049326566868728e-124
1.229328659625167750e+15 1.581135304269724546e-125
1.257963402604326000e+15 7.741312889094817732e-127
1.287265134430659250e+15 3.630269560062492740e-128
1.317249391270235750e+15 1.628526070224033391e-129
1.347932071172921000e+15 6.980066792724393191e-131
1.379329442501732000e+15 2.856861374975013908e-132
1.411458152558541000e+15 1.116333937003636358e-133
1.444335236410694000e+15 4.163437256828136170e-135
1.477978125923228750e+15 1.481578732912798929e-136
1.512404659001481250e+15 5.025739941562659605e-138
1.547633089048978500e+15 1.623216076933453268e-139
1.583682094645635250e+15 4.987836509664055575e-141
1.620570789451383750e+15 1.457488293507081004e-142
1.658318732340489500e+15 4.046399522545574559e-144
1.696945937771925750e+15 1.066290693103458820e-145
1.736472886401303500e+15 2.663818175739482418e-147
1.776920535939987000e+15 6.298755406636028117e-149
1.818310332267149750e+15 1.407550345851850252e-150
1.860664220800663000e+15 2.970508862877045999e-152
1.904004658132847250e+15 5.919032679830630552e-154
1.948354623937254750e+15 1.113209677513460915e-155
1.993737633152795750e+15 1.975309398414879081e-157
2.040177748451672000e+15 3.302905342392420885e-159
2.087699592997722000e+15 5.196622240016179354e-161
2.136328363501950500e+15 7.685683545903024339e-163
2.186089843582156500e+15 1.067888525797346600e-164
2.237010417433749500e+15 1.392392644268785314e-166
2.289117083818999500e+15 1.701546435648772004e-168
2.342437470382136500e+15 1.945810830519353085e-170
2.396999848297895500e+15 2.077913889348133115e-172
2.452833147261266000e+15 2.068124428586197070e-174
2.509966970826399500e+15 1.916785451848357604e-176
2.568431612102805500e+15 1.653856295749324165e-178
2.628258069817159500e+15 1.327930772624717192e-180
2.689478064749239000e+15 9.917212708927309591e-183
2.752124056550699500e+15 6.877942853507625084e-185
2.816229260955611000e+15 4.421418073783522978e-187
2.881827667391882500e+15 2.631233786464082866e-189
2.948954057002904000e+15 1.448555509525192298e-191
3.017644021088970000e+15 7.366571792414845289e-194
3.087933979978257500e+15 3.455018072661129639e-196
3.159861202337368000e+15 1.491493229956199538e-198
3.233463824931665000e+15 5.910202525095925977e-201
3.308780872845894500e+15 2.144355201157986248e-203
3.385852280175799000e+15 7.115990292909509202e-206
3.464718911201706000e+15 2.159159679508101489e-208
3.545422582055308500e+15 5.987441822174125074e-211
3.628006082891132500e+15 1.516492660494406525e-213
3.712513200574443000e+15 3.501064013349961508e-216
3.798988741897619000e+15 7.349490815328569215e-219
3.887478557337310500e+15 1.400642195941422776e-221
3.978029565364963500e+15 2.421125974890741143e-224
4.070689777323619500e+15 3.789061315355846486e-227
4.165508322884161000e+15 5.357586786439346496e-230
4.262535476094517000e+15 6.826576617302327448e-233
4.361822682035625000e+15 7.810762635258137038e-236
4.463422584098297000e+15 7.998484097866251497e-239
4.567389051895440000e+15 7.320704509208653371e-242
4.673777209824439000e+15 5.986711080429335715e-245
4.782643466294842000e+15 4.371992771017267151e-248
4.894045543636845000e+15 2.849114359088310105e-251
5.008042508706434000e+15 1.652476055147735438e-254
5.124694804203419000e+15 8.502876175455608989e-258
5.244064280718948000e+15 3.873702796732450046e-261
5.366214229529510000e+15 1.560751203223456497e-264
5.491209416154811000e+15 5.548385556025399649e-268
5.619116114697307000e+15 1.735641282102472481e-271
5.750002142981610000e+15 4.761508501201845699e-275
5.883936898512397000e+15 1.140223802105628873e-278
6.020991395269888000e+15 2.373044194816089615e-282
6.161238301362393000e+15 4.284841804229035928e-286
6.304751977555911000e+15 6.710287835361074855e-290
6.451608516701187000e+15 9.108777245419159776e-294
6.601885784079152000e+15 1.070834111928771326e-297
6.755663458686125000e+15 1.086514332199001444e-301
6.913023075480670000e+15 9.474743090691305111e-306
7.074048068614513000e+15 7.082551396414677019e-310
7.238823815670431000e+15 4.532239477132671462e-314
7.407437682930578000e+15 2.475259004351728361e-318
7.579979071699244000e+15 1.136350985434867052e-322
7.756539465704608000e+15 0.000000000000000000e+00
7.937212479604626000e+15 0.000000000000000000e+00
8.122093908622758000e+15 0.000000000000000000e+00
8.311281779339864000e+15 0.000000000000000000e+00
8.504876401669196000e+15 0.000000000000000000e+00
8.702980422042040000e+15 0.000000000000000000e+00
8.905698877832216000e+15 0.000000000000000000e+00
9.113139253048278000e+15 0.000000000000000000e+00
9.325411535322964000e+15 0.000000000000000000e+00
9.542628274230092000e+15 0.000000000000000000e+00
9.764904640959836000e+15 0.000000000000000000e+00
9.992358489384008000e+15 0.000000000000000000e+00
1.022511041854371200e+16 0.000000000000000000e+00
1.046328383659274600e+16 0.000000000000000000e+00
1.070700502622979200e+16 0.000000000000000000e+00
1.095640321165579800e+16 0.000000000000000000e+00
1.121161062708967400e+16 0.000000000000000000e+00
1.147276258688133600e+16 0.000000000000000000e+00
1.173999755725643400e+16 0.000000000000000000e+00
1.201345722973372400e+16 0.000000000000000000e+00
1.229328659625102400e+16 0.000000000000000000e+00
1.257963402604264400e+16 0.000000000000000000e+00
1.287265134430590800e+16 0.000000000000000000e+00
1.317249391270171200e+16 0.000000000000000000e+00
1.347932071172849200e+16 0.000000000000000000e+00
1.379329442501664200e+16 0.000000000000000000e+00
1.411458152558466000e+16 0.000000000000000000e+00
1.444335236410623000e+16 0.000000000000000000e+00
1.477978125923150000e+16 0.000000000000000000e+00
1.512404659001394600e+16 0.000000000000000000e+00
1.547633089048896200e+16 0.000000000000000000e+00
1.583682094645557400e+16 0.000000000000000000e+00
1.620570789451297600e+16 0.000000000000000000e+00
1.658318732340394600e+16 0.000000000000000000e+00
1.696945937771835600e+16 0.000000000000000000e+00
1.736472886401218200e+16 0.000000000000000000e+00
1.776920535939892600e+16 0.000000000000000000e+00
1.818310332267045600e+16 0.000000000000000000e+00
1.860664220800564000e+16 0.000000000000000000e+00
1.904004658132754000e+16 0.000000000000000000e+00
1.948354623937151200e+16 0.000000000000000000e+00
1.993737633152681600e+16 0.000000000000000000e+00
2.040177748451563600e+16 0.000000000000000000e+00
2.087699592997619600e+16 0.000000000000000000e+00
2.136328363501836800e+16 0.000000000000000000e+00
2.186089843582031200e+16 0.000000000000000000e+00
2.237010417433630400e+16 0.000000000000000000e+00
2.289117083818886800e+16 0.000000000000000000e+00
2.342437470382012000e+16 0.000000000000000000e+00
2.396999848297758400e+16 0.000000000000000000e+00
2.452833147261135600e+16 0.000000000000000000e+00
2.509966970826276400e+16 0.000000000000000000e+00
2.568431612102668800e+16 0.000000000000000000e+00
2.628258069817009200e+16 0.000000000000000000e+00
2.689478064749096000e+16 0.000000000000000000e+00
2.752124056550564400e+16 0.000000000000000000e+00
2.816229260955461200e+16 0.000000000000000000e+00
2.881827667391717600e+16 0.000000000000000000e+00
2.948954057002747200e+16 0.000000000000000000e+00
3.017644021088821600e+16 0.000000000000000000e+00
3.087933979978093200e+16 0.000000000000000000e+00
3.159861202337186800e+16 0.000000000000000000e+00
3.233463824931493200e+16 0.000000000000000000e+00
3.308780872845732000e+16 0.000000000000000000e+00
3.385852280175619200e+16 0.000000000000000000e+00
3.464718911201507600e+16 0.000000000000000000e+00
3.545422582055120000e+16 0.000000000000000000e+00
3.628006082890954400e+16 0.000000000000000000e+00
3.712513200574245600e+16 0.000000000000000000e+00
3.798988741897401600e+16 0.000000000000000000e+00
3.887478557337104000e+16 0.000000000000000000e+00
3.978029565364768000e+16 0.000000000000000000e+00
4.070689777323403200e+16 0.000000000000000000e+00
4.165508322883922400e+16 0.000000000000000000e+00
4.262535476094290400e+16 0.000000000000000000e+00
4.361822682035411200e+16 0.000000000000000000e+00
4.463422584098060000e+16 0.000000000000000000e+00
4.567389051895178400e+16 0.000000000000000000e+00
4.673777209824190400e+16 0.000000000000000000e+00
4.782643466294607200e+16 0.000000000000000000e+00
4.894045543636584000e+16 0.000000000000000000e+00
5.008042508706147200e+16 0.000000000000000000e+00
5.124694804203146400e+16 0.000000000000000000e+00
5.244064280718690400e+16 0.000000000000000000e+00
5.366214229529224800e+16 0.000000000000000000e+00
5.491209416154496800e+16 0.000000000000000000e+00
5.619116114697008000e+16 0.000000000000000000e+00
5.750002142981327200e+16 0.000000000000000000e+00
5.883936898512084000e+16 0.000000000000000000e+00
6.020991395269543200e+16 0.000000000000000000e+00
6.161238301362065600e+16 0.000000000000000000e+00
6.304751977555601600e+16 0.000000000000000000e+00
6.451608516700844000e+16 0.000000000000000000e+00
6.601885784078774400e+16 0.000000000000000000e+00
6.755663458685765600e+16 0.000000000000000000e+00
6.913023075480331200e+16 0.000000000000000000e+00
7.074048068614136800e+16 0.000000000000000000e+00
7.238823815670016000e+16 0.000000000000000000e+00
7.407437682930184000e+16 0.000000000000000000e+00
7.579979071698872000e+16 0.000000000000000000e+00
7.756539465704195200e+16 0.000000000000000000e+00
7.937212479604171200e+16 0.000000000000000000e+00
8.122093908622326400e+16 0.000000000000000000e+00
8.311281779339456000e+16 0.000000000000000000e+00
8.504876401668744000e+16 0.000000000000000000e+00
8.702980422041542400e+16 0.000000000000000000e+00
8.905698877831742400e+16 0.000000000000000000e+00
9.113139253047830400e+16 0.000000000000000000e+00
9.325411535322468800e+16 0.000000000000000000e+00
9.542628274229545600e+16 0.000000000000000000e+00
9.764904640959316800e+16 0.000000000000000000e+00
9.992358489383518400e+16 0.000000000000000000e+00
1.022511041854320960e+17 0.000000000000000000e+00
1.046328383659214720e+17 0.000000000000000000e+00
1.070700502622926560e+17 0.000000000000000000e+00
1.095640321165525920e+17 0.000000000000000000e+00
1.121161062708912320e+17 0.000000000000000000e+00
1.147276258688067840e+17 0.000000000000000000e+00
1.173999755725585760e+17 0.000000000000000000e+00
1.201345722973313440e+17 0.000000000000000000e+00
1.229328659625042080e+17 0.000000000000000000e+00
1.257963402604192320e+17 0.000000000000000000e+00
1.287265134430527520e+17 0.000000000000000000e+00
1.317249391270106560e+17 0.000000000000000000e+00
1.347932071172783040e+17 0.000000000000000000e+00
1.379329442501585280e+17 0.000000000000000000e+00
1.411458152558396640e+17 0.000000000000000000e+00
1.444335236410552000e+17 0.000000000000000000e+00
