1.00000000e+00 0.00000000e+00 5.88436887e+00 2.32807245e-01
1.00000000e+00 0.00000000e+00 3.62996199e+00 2.30685294e-01
1.00000000e+00 0.00000000e+00 3.64538127e+00 2.36202974e-01
1.00000000e+00 0.00000000e+00 7.02335926e+00 2.43976717e-01
1.00000000e+00 0.00000000e+00 5.88397282e+00 2.32772984e-01
1.00000000e+00 0.00000000e+00 5.88402701e+00 2.32718299e-01
1.00000000e+00 0.00000000e+00 3.65134453e+00 2.36319069e-01
1.00000000e+00 0.00000000e+00 5.22548710e+00 2.44029610e-01
1.00000000e+00 0.00000000e+00 5.23909969e+00 2.45793998e-01
1.00000000e+00 0.00000000e+00 4.13016796e+00 2.53193030e-01
1.00000000e+00 0.00000000e+00 5.23429870e+00 2.46677696e-01
1.00000000e+00 0.00000000e+00 5.88373281e+00 2.32878135e-01
1.00000000e+00 0.00000000e+00 4.12918540e+00 2.50809547e-01
1.00000000e+00 0.00000000e+00 7.60603184e+00 2.35167620e-01
1.00000000e+00 0.00000000e+00 5.88345846e+00 2.33175338e-01
1.00000000e+00 0.00000000e+00 3.62757276e+00 2.30549433e-01
1.00000000e+00 0.00000000e+00 5.88397249e+00 2.32686271e-01
1.00000000e+00 0.00000000e+00 3.63244489e+00 2.30258632e-01
1.00000000e+00 0.00000000e+00 7.60537417e+00 2.35314323e-01
1.00000000e+00 0.00000000e+00 5.88421558e+00 2.32824992e-01
1.00000000e+00 0.00000000e+00 3.63129259e+00 2.30432978e-01
1.00000000e+00 0.00000000e+00 5.88461135e+00 2.32661531e-01
1.00000000e+00 0.00000000e+00 7.10245063e+00 2.49753083e-01
1.00000000e+00 0.00000000e+00 3.63858224e+00 2.30186060e-01
1.00000000e+00 0.00000000e+00 5.23312970e+00 2.46448675e-01
1.00000000e+00 0.00000000e+00 4.12700010e+00 2.53986040e-01
1.00000000e+00 0.00000000e+00 5.88409365e+00 2.32866327e-01
1.00000000e+00 0.00000000e+00 3.63947950e+00 2.30077781e-01
1.00000000e+00 0.00000000e+00 5.88410917e+00 2.32814916e-01
1.00000000e+00 0.00000000e+00 7.61000623e+00 2.34795891e-01
1.00000000e+00 0.00000000e+00 5.23464658e+00 2.46501322e-01
1.00000000e+00 0.00000000e+00 5.23529448e+00 2.46567696e-01
1.00000000e+00 0.00000000e+00 5.88384971e+00 2.32956856e-01
1.00000000e+00 0.00000000e+00 5.23419023e+00 2.46788021e-01
1.00000000e+00 0.00000000e+00 7.05453749e+00 2.46487339e-01
1.00000000e+00 0.00000000e+00 7.60989949e+00 2.34574143e-01
1.00000000e+00 0.00000000e+00 7.60790730e+00 2.34764905e-01
1.00000000e+00 0.00000000e+00 7.03862923e+00 2.44943503e-01
1.00000000e+00 0.00000000e+00 5.24283071e+00 2.47144500e-01
1.00000000e+00 0.00000000e+00 7.60996400e+00 2.34856539e-01
1.00000000e+00 0.00000000e+00 5.23209235e+00 2.46635814e-01
1.00000000e+00 0.00000000e+00 5.88384785e+00 2.32790990e-01
1.00000000e+00 0.00000000e+00 5.88335260e+00 2.33217820e-01
1.00000000e+00 0.00000000e+00 3.63325906e+00 2.32049955e-01
1.00000000e+00 0.00000000e+00 5.22143783e+00 2.40663363e-01
1.00000000e+00 0.00000000e+00 5.88373308e+00 2.33013592e-01
1.00000000e+00 0.00000000e+00 5.88377840e+00 2.32993387e-01
1.00000000e+00 0.00000000e+00 3.63566227e+00 2.30368743e-01
1.00000000e+00 0.00000000e+00 3.62983004e+00 2.30467454e-01
1.00000000e+00 0.00000000e+00 5.88405158e+00 2.32877872e-01
1.00000000e+00 0.00000000e+00 3.62814992e+00 2.30753568e-01
1.00000000e+00 0.00000000e+00 3.62686574e+00 2.30424220e-01
1.00000000e+00 0.00000000e+00 3.62732097e+00 2.30550180e-01
1.00000000e+00 0.00000000e+00 7.03364814e+00 2.45058303e-01
1.00000000e+00 0.00000000e+00 4.12943602e+00 2.57383497e-01
1.00000000e+00 0.00000000e+00 3.63159957e+00 2.30544881e-01
1.00000000e+00 0.00000000e+00 3.62764776e+00 2.30421388e-01
1.00000000e+00 0.00000000e+00 4.13008275e+00 2.57613565e-01
1.00000000e+00 0.00000000e+00 3.63113530e+00 2.30392111e-01
1.00000000e+00 0.00000000e+00 4.12971952e+00 2.57080757e-01
1.00000000e+00 0.00000000e+00 4.12974834e+00 2.56980041e-01
1.00000000e+00 0.00000000e+00 5.23609377e+00 2.46620957e-01
1.00000000e+00 0.00000000e+00 4.12988028e+00 2.57460805e-01
1.00000000e+00 0.00000000e+00 7.60913512e+00 2.34496574e-01
1.00000000e+00 0.00000000e+00 3.62827901e+00 2.30525726e-01
1.00000000e+00 0.00000000e+00 3.62705675e+00 2.30441709e-01
1.00000000e+00 0.00000000e+00 5.23035875e+00 2.46096322e-01
1.00000000e+00 0.00000000e+00 3.62753135e+00 2.30581758e-01
1.00000000e+00 0.00000000e+00 7.60867498e+00 2.34460275e-01
1.00000000e+00 0.00000000e+00 4.13403027e+00 2.51588344e-01
1.00000000e+00 0.00000000e+00 3.62795562e+00 2.30489335e-01
1.00000000e+00 0.00000000e+00 7.60773164e+00 2.34720766e-01
1.00000000e+00 0.00000000e+00 7.06087984e+00 2.46923602e-01
1.00000000e+00 0.00000000e+00 3.63338328e+00 2.30331313e-01
1.00000000e+00 0.00000000e+00 3.62971058e+00 2.30385139e-01
1.00000000e+00 0.00000000e+00 4.12972544e+00 2.57614671e-01
1.00000000e+00 0.00000000e+00 5.22609530e+00 2.44167648e-01
1.00000000e+00 0.00000000e+00 3.62761180e+00 2.30385293e-01
1.00000000e+00 0.00000000e+00 5.23360417e+00 2.46838557e-01
1.00000000e+00 0.00000000e+00 7.60829523e+00 2.34555612e-01
1.00000000e+00 0.00000000e+00 5.23936069e+00 2.45542438e-01
1.00000000e+00 0.00000000e+00 4.12996136e+00 2.57567356e-01
1.00000000e+00 0.00000000e+00 3.63075930e+00 2.30402366e-01
1.00000000e+00 0.00000000e+00 3.63089834e+00 2.30180416e-01
1.00000000e+00 0.00000000e+00 7.02611483e+00 2.44575663e-01
1.00000000e+00 0.00000000e+00 7.60974850e+00 2.34503767e-01
1.00000000e+00 0.00000000e+00 7.60978610e+00 2.34277347e-01
1.00000000e+00 0.00000000e+00 7.08025870e+00 2.48276457e-01
1.00000000e+00 0.00000000e+00 3.63075284e+00 2.30473636e-01
1.00000000e+00 0.00000000e+00 7.60732951e+00 2.34734089e-01
1.00000000e+00 0.00000000e+00 5.22975659e+00 2.45642409e-01
1.00000000e+00 0.00000000e+00 5.23221234e+00 2.46561990e-01
1.00000000e+00 0.00000000e+00 5.24094188e+00 2.44911371e-01
1.00000000e+00 0.00000000e+00 3.62727562e+00 2.30470730e-01
1.00000000e+00 0.00000000e+00 5.23588458e+00 2.46083368e-01
1.00000000e+00 0.00000000e+00 5.23016362e+00 2.45933844e-01
1.00000000e+00 0.00000000e+00 4.12993694e+00 2.57546717e-01
1.00000000e+00 0.00000000e+00 3.62953971e+00 2.30509582e-01
1.00000000e+00 0.00000000e+00 3.62737399e+00 2.30668849e-01
1.00000000e+00 0.00000000e+00 3.62867996e+00 2.30633187e-01
