1.00000000e+00 0.00000000e+00 7.55038116e-01 5.05897470e-01 1.23203517e-01
1.00000000e+00 0.00000000e+00 7.93427975e-01 5.76159092e-01 1.18134768e-01
1.00000000e+00 0.00000000e+00 7.92880981e-01 5.57079983e-01 1.20838425e-01
1.00000000e+00 0.00000000e+00 7.08579806e-01 4.73251954e-01 1.20830514e-01
1.00000000e+00 0.00000000e+00 8.65572704e-01 6.23545742e-01 1.21807550e-01
1.00000000e+00 0.00000000e+00 8.21407020e-01 6.05831641e-01 1.19023923e-01
1.00000000e+00 0.00000000e+00 8.33406238e-01 5.89977756e-01 1.23077052e-01
1.00000000e+00 0.00000000e+00 7.59420873e-01 4.82521331e-01 1.25228610e-01
1.00000000e+00 0.00000000e+00 7.32999179e-01 5.16074090e-01 1.18962920e-01
1.00000000e+00 0.00000000e+00 7.50825143e-01 5.17554768e-01 1.20337719e-01
1.00000000e+00 0.00000000e+00 6.78912546e-01 4.49422895e-01 1.26034562e-01
1.00000000e+00 0.00000000e+00 8.20121797e-01 6.11652568e-01 1.17363937e-01
1.00000000e+00 0.00000000e+00 8.50949124e-01 6.69471452e-01 1.14088208e-01
1.00000000e+00 0.00000000e+00 7.91121893e-01 5.61790363e-01 1.21726999e-01
1.00000000e+00 0.00000000e+00 7.50118183e-01 5.39690159e-01 1.17428679e-01
1.00000000e+00 0.00000000e+00 7.17795347e-01 4.89633017e-01 1.20958173e-01
1.00000000e+00 0.00000000e+00 7.45223457e-01 4.77101270e-01 1.19932892e-01
1.00000000e+00 0.00000000e+00 8.48760328e-01 6.15694404e-01 1.22038225e-01
1.00000000e+00 0.00000000e+00 7.02218442e-01 4.11116004e-01 1.28681058e-01
1.00000000e+00 0.00000000e+00 6.83541458e-01 1.43934689e-01 1.35069510e-01
1.00000000e+00 0.00000000e+00 7.94987149e-01 4.85790868e-01 1.25321545e-01
1.00000000e+00 0.00000000e+00 7.24228968e-01 4.29340974e-01 1.26006340e-01
1.00000000e+00 0.00000000e+00 8.17256135e-01 5.53081486e-01 1.23615454e-01
1.00000000e+00 0.00000000e+00 7.79726701e-01 4.02613358e-01 1.18753452e-01
1.00000000e+00 0.00000000e+00 8.89005832e-01 7.09483273e-01 1.13237524e-01
1.00000000e+00 0.00000000e+00 7.39597951e-01 4.33763179e-01 1.24989210e-01
1.00000000e+00 0.00000000e+00 7.44945865e-01 5.06783650e-01 1.20465085e-01
1.00000000e+00 0.00000000e+00 7.49764592e-01 4.63701526e-01 1.28243840e-01
1.00000000e+00 0.00000000e+00 7.41828392e-01 4.65603113e-01 1.23805860e-01
1.00000000e+00 0.00000000e+00 6.62118568e-01 3.41249978e-01 1.28972014e-01
1.00000000e+00 0.00000000e+00 6.73860687e-01 4.03998756e-01 1.24574539e-01
1.00000000e+00 0.00000000e+00 5.29392498e-01 2.62530340e-01 1.96369888e-03
1.00000000e+00 0.00000000e+00 7.81120473e-01 5.16232032e-01 1.25107146e-01
1.00000000e+00 0.00000000e+00 7.34484506e-01 4.00791508e-01 1.29963878e-01
1.00000000e+00 0.00000000e+00 7.44173403e-01 4.89994295e-01 1.23101385e-01
1.00000000e+00 0.00000000e+00 7.26525034e-01 5.19279555e-01 1.16722973e-01
1.00000000e+00 0.00000000e+00 6.66897205e-01 3.42445214e-01 1.33194869e-01
1.00000000e+00 0.00000000e+00 8.51277684e-01 5.91847715e-01 1.23948866e-01
1.00000000e+00 0.00000000e+00 7.52102952e-01 4.72115208e-01 1.26273329e-01
1.00000000e+00 0.00000000e+00 7.77571523e-01 4.62499710e-01 1.27159688e-01
1.00000000e+00 0.00000000e+00 6.16162527e-01 1.53299573e-01 1.41313828e-01
1.00000000e+00 0.00000000e+00 7.13340872e-01 4.34718944e-01 1.24418067e-01
1.00000000e+00 0.00000000e+00 8.33683944e-01 5.66381099e-01 1.23635437e-01
1.00000000e+00 0.00000000e+00 7.74799654e-01 5.39744964e-01 1.21521658e-01
1.00000000e+00 0.00000000e+00 7.34141430e-01 5.14185645e-01 1.17704433e-01
1.00000000e+00 0.00000000e+00 7.41007424e-01 4.95658176e-01 1.22866950e-01
1.00000000e+00 0.00000000e+00 7.79831460e-01 5.63883877e-01 1.19026826e-01
1.00000000e+00 0.00000000e+00 8.20054781e-01 5.59839234e-01 1.24931626e-01
1.00000000e+00 0.00000000e+00 7.92906006e-01 6.03291696e-01 1.15271269e-01
1.00000000e+00 0.00000000e+00 7.88344230e-01 4.95390802e-01 1.26709932e-01
1.00000000e+00 0.00000000e+00 6.48472801e-01 3.31459704e-01 1.32653116e-01
1.00000000e+00 0.00000000e+00 7.32608601e-01 4.21382997e-01 1.30666311e-01
1.00000000e+00 0.00000000e+00 6.88917085e-01 3.45381133e-01 1.32543167e-01
1.00000000e+00 0.00000000e+00 7.06363495e-01 4.71326587e-01 1.20325658e-01
1.00000000e+00 0.00000000e+00 9.97695626e-01 8.32037387e-01 1.10995263e-01
1.00000000e+00 0.00000000e+00 7.76102389e-01 5.62215431e-01 1.18525016e-01
1.00000000e+00 0.00000000e+00 7.73197512e-01 4.79999805e-01 1.29416778e-01
1.00000000e+00 0.00000000e+00 7.45386506e-01 5.11455983e-01 1.21293640e-01
1.00000000e+00 0.00000000e+00 8.61007123e-01 6.37870140e-01 1.19221445e-01
1.00000000e+00 0.00000000e+00 7.56306719e-01 4.75426381e-01 1.25889941e-01
1.00000000e+00 0.00000000e+00 7.79713921e-01 4.83228410e-01 1.29399932e-01
1.00000000e+00 0.00000000e+00 7.37474817e-01 4.51326266e-01 1.28099761e-01
1.00000000e+00 0.00000000e+00 9.90730082e-01 8.03669487e-01 1.12812281e-01
1.00000000e+00 0.00000000e+00 8.06931144e-01 5.28942925e-01 1.26180506e-01
1.00000000e+00 0.00000000e+00 7.34193078e-01 5.35532549e-01 1.16985841e-01
1.00000000e+00 0.00000000e+00 7.85145044e-01 5.02021056e-01 1.28113037e-01
1.00000000e+00 0.00000000e+00 1.24157275e+00 -9.50265392e-01 1.15878646e-01
1.00000000e+00 0.00000000e+00 9.38679555e-01 7.53037221e-01 1.13685050e-01
1.00000000e+00 0.00000000e+00 7.59265583e-01 5.43483305e-01 1.20601107e-01
1.00000000e+00 0.00000000e+00 6.36122692e-01 2.62063908e-01 1.36565056e-01
1.00000000e+00 0.00000000e+00 6.63493905e-01 3.83321414e-01 1.26600549e-01
1.00000000e+00 0.00000000e+00 7.35599928e-01 5.12748180e-01 1.18709304e-01
1.00000000e+00 0.00000000e+00 9.30318000e-01 7.15722924e-01 1.17851274e-01
1.00000000e+00 0.00000000e+00 1.01709670e+00 8.39514578e-01 1.12672460e-01
1.00000000e+00 0.00000000e+00 8.51460130e-01 5.95675435e-01 1.23948844e-01
1.00000000e+00 0.00000000e+00 8.26933874e-01 5.57593899e-01 1.25120033e-01
1.00000000e+00 0.00000000e+00 7.83992452e-01 4.76877721e-01 1.29181782e-01
1.00000000e+00 0.00000000e+00 8.09127612e-01 5.89448616e-01 1.19881196e-01
1.00000000e+00 0.00000000e+00 8.28428477e-01 5.89130758e-01 1.23116857e-01
1.00000000e+00 0.00000000e+00 7.71074016e-01 4.98903708e-01 1.25747682e-01
1.00000000e+00 0.00000000e+00 7.90769538e-01 5.28919749e-01 1.24063822e-01
1.00000000e+00 0.00000000e+00 5.40487095e-01 2.11648069e-01 1.44339244e-03
1.00000000e+00 0.00000000e+00 7.90121636e-01 5.43625552e-01 1.22699159e-01
1.00000000e+00 0.00000000e+00 8.22792922e-01 6.24127240e-01 1.17087902e-01
1.00000000e+00 0.00000000e+00 7.35548529e-01 4.63066939e-01 1.22378397e-01
1.00000000e+00 0.00000000e+00 7.88654862e-01 5.32624622e-01 1.23400313e-01
1.00000000e+00 0.00000000e+00 7.68857897e-01 4.45469016e-01 1.26013211e-01
1.00000000e+00 0.00000000e+00 7.10128499e-01 4.50478798e-01 1.25009440e-01
1.00000000e+00 0.00000000e+00 9.33603127e-01 7.55503572e-01 1.18906691e-01
1.00000000e+00 0.00000000e+00 7.23655261e-01 4.78805583e-01 1.21665365e-01
1.00000000e+00 0.00000000e+00 7.94008665e-01 6.04682232e-01 1.13701140e-01
1.00000000e+00 0.00000000e+00 8.76108330e-01 6.44735629e-01 1.20632491e-01
1.00000000e+00 0.00000000e+00 8.29702118e-01 5.79830531e-01 1.23155576e-01
1.00000000e+00 0.00000000e+00 7.09115406e-01 5.10956587e-01 1.21643939e-01
1.00000000e+00 0.00000000e+00 7.30172621e-01 5.21662362e-01 1.13947482e-01
1.00000000e+00 0.00000000e+00 7.90658058e-01 5.81298332e-01 1.18356353e-01
1.00000000e+00 0.00000000e+00 7.28345017e-01 5.01025862e-01 1.19573269e-01
1.00000000e+00 0.00000000e+00 9.32992140e-01 7.32170158e-01 1.15521832e-01
1.00000000e+00 0.00000000e+00 7.94022667e-01 5.92019624e-01 1.17447035e-01
1.00000000e+00 0.00000000e+00 8.31858705e-01 6.15072755e-01 1.17825928e-01
