1.00000000e+00 0.00000000e+00 9.72085340e-01 1.13635434e-01 1.00294375e-01
1.00000000e+00 0.00000000e+00 7.41243886e-01 8.00274614e-01 2.51039322e-02
1.00000000e+00 0.00000000e+00 9.49316606e-01 9.31306626e-01 6.57151844e-02
1.00000000e+00 0.00000000e+00 8.47774638e-01 9.02308025e-01 5.62989252e-02
1.00000000e+00 0.00000000e+00 8.19945269e-01 8.45267873e-01 1.00437768e-01
1.00000000e+00 0.00000000e+00 7.26726562e-01 8.90785645e-01 6.19220100e-02
1.00000000e+00 0.00000000e+00 7.96971880e-01 9.24687093e-01 2.78585082e-02
1.00000000e+00 0.00000000e+00 9.01605700e-01 9.56102270e-01 6.02254637e-02
1.00000000e+00 0.00000000e+00 9.66246324e-01 9.44295985e-01 4.60940878e-02
1.00000000e+00 0.00000000e+00 9.23385148e-01 8.88612187e-01 6.73301928e-02
1.00000000e+00 0.00000000e+00 8.89878087e-01 9.38889126e-01 9.29448621e-02
1.00000000e+00 0.00000000e+00 9.86312391e-01 1.91996131e-01 6.14026931e-02
1.00000000e+00 0.00000000e+00 8.97742018e-01 9.03373514e-01 2.62800284e-02
1.00000000e+00 0.00000000e+00 8.79073592e-01 9.73433686e-01 1.23218722e-01
1.00000000e+00 0.00000000e+00 8.06145506e-01 9.19366210e-01 7.42790247e-02
1.00000000e+00 0.00000000e+00 8.10039645e-01 8.94483260e-01 1.15035909e-01
1.00000000e+00 0.00000000e+00 8.44392311e-01 8.33200286e-01 1.03635486e-02
1.00000000e+00 0.00000000e+00 6.71421224e-01 9.34587283e-01 7.53927956e-02
1.00000000e+00 0.00000000e+00 8.94853068e-01 9.26704928e-01 6.58258250e-02
1.00000000e+00 0.00000000e+00 8.12840901e-01 8.27544072e-01 1.39462788e-02
1.00000000e+00 0.00000000e+00 7.73650375e-01 9.19839906e-01 2.62949697e-02
1.00000000e+00 0.00000000e+00 9.13113633e-01 9.20587590e-01 1.05299786e-01
1.00000000e+00 0.00000000e+00 9.17979167e-01 9.61885752e-01 8.41088833e-02
1.00000000e+00 0.00000000e+00 8.23793338e-01 8.39731978e-01 5.84879680e-02
1.00000000e+00 0.00000000e+00 8.84698707e-01 8.33863767e-01 1.05284633e-01
1.00000000e+00 0.00000000e+00 6.57314629e-01 9.64501617e-01 9.27885801e-02
1.00000000e+00 0.00000000e+00 7.95609076e-01 8.93688994e-01 8.71545390e-02
1.00000000e+00 0.00000000e+00 8.97959346e-01 8.38923657e-01 5.53495486e-02
1.00000000e+00 0.00000000e+00 8.89636410e-01 9.37315765e-01 6.38067606e-02
1.00000000e+00 0.00000000e+00 7.08927272e-01 7.94606101e-01 9.90970115e-03
1.00000000e+00 0.00000000e+00 7.20991269e-01 9.28330938e-01 4.08046317e-02
1.00000000e+00 0.00000000e+00 9.68160015e-01 9.53306919e-01 9.87196775e-03
1.00000000e+00 0.00000000e+00 7.31158859e-01 9.36110947e-01 4.92067303e-02
1.00000000e+00 0.00000000e+00 8.58792875e-01 8.25113084e-01 6.54995647e-02
1.00000000e+00 0.00000000e+00 8.39174144e-01 9.68987349e-01 2.88724121e-02
1.00000000e+00 0.00000000e+00 6.89192559e-01 8.85935775e-01 5.71078153e-02
1.00000000e+00 0.00000000e+00 9.28776770e-01 9.43881209e-01 6.93300325e-02
1.00000000e+00 0.00000000e+00 9.24368877e-01 9.73402120e-01 6.10950519e-02
1.00000000e+00 0.00000000e+00 8.95165207e-01 9.15491885e-01 6.80961770e-02
1.00000000e+00 0.00000000e+00 8.94257402e-01 8.32028716e-01 2.03395569e-03
1.00000000e+00 0.00000000e+00 6.59955048e-01 9.42026383e-01 9.07419689e-02
1.00000000e+00 0.00000000e+00 9.25413979e-01 9.55424696e-01 1.08715271e-01
1.00000000e+00 0.00000000e+00 8.75623377e-01 9.10704711e-01 8.35806276e-02
1.00000000e+00 0.00000000e+00 8.34196557e-01 8.73313093e-01 9.34228260e-02
1.00000000e+00 0.00000000e+00 9.37538559e-01 9.26132422e-01 8.22936029e-02
1.00000000e+00 0.00000000e+00 8.17961909e-01 8.84092107e-01 4.07685401e-02
1.00000000e+00 0.00000000e+00 8.11575555e-01 9.87984208e-01 3.68393674e-02
1.00000000e+00 0.00000000e+00 9.14987773e-01 9.71384434e-01 1.03329860e-01
1.00000000e+00 0.00000000e+00 8.29055526e-01 8.99467115e-01 1.02735216e-01
1.00000000e+00 0.00000000e+00 6.73223174e-01 9.00404656e-01 1.21666942e-01
1.00000000e+00 0.00000000e+00 9.89005572e-01 2.09229467e-01 9.53473214e-02
1.00000000e+00 0.00000000e+00 8.12233212e-01 8.48690970e-01 9.56913031e-02
1.00000000e+00 0.00000000e+00 8.22866928e-01 9.31788302e-01 1.72780736e-01
1.00000000e+00 0.00000000e+00 9.02682797e-01 8.56335074e-01 8.70549241e-02
1.00000000e+00 0.00000000e+00 8.59685479e-01 9.77306177e-01 1.51618046e-01
1.00000000e+00 0.00000000e+00 9.27477728e-01 8.28409203e-01 4.57950052e-03
1.00000000e+00 0.00000000e+00 9.23101890e-01 9.11767017e-01 1.05629952e-01
1.00000000e+00 0.00000000e+00 9.30241252e-01 9.41240522e-01 5.72066389e-02
1.00000000e+00 0.00000000e+00 8.96726025e-01 9.51440597e-01 8.49898567e-02
1.00000000e+00 0.00000000e+00 8.08805459e-01 8.56626616e-01 6.24421611e-02
1.00000000e+00 0.00000000e+00 8.16723407e-01 9.56370129e-01 2.98899763e-02
1.00000000e+00 0.00000000e+00 8.49004891e-01 3.47659340e-01 1.30375218e-02
1.00000000e+00 0.00000000e+00 8.54062425e-01 8.74548336e-01 1.51160470e-01
1.00000000e+00 0.00000000e+00 9.09119885e-01 8.38442693e-01 7.17743159e-02
1.00000000e+00 0.00000000e+00 8.52127910e-01 8.44148528e-01 1.16746746e-01
1.00000000e+00 0.00000000e+00 7.09780746e-01 8.77609427e-01 1.46373108e-02
1.00000000e+00 0.00000000e+00 8.93271146e-01 9.91873769e-01 1.44026477e-01
1.00000000e+00 0.00000000e+00 7.03772896e-01 8.86464107e-01 9.67855798e-02
1.00000000e+00 0.00000000e+00 9.12166467e-01 9.43954696e-01 1.02760853e-01
1.00000000e+00 0.00000000e+00 7.60819560e-01 8.00789402e-01 4.24320981e-02
1.00000000e+00 0.00000000e+00 6.37916157e-01 9.11938434e-01 1.23743347e-01
1.00000000e+00 0.00000000e+00 8.27393486e-01 9.84448717e-01 1.18109869e-01
1.00000000e+00 0.00000000e+00 7.69183312e-01 8.32069422e-01 7.28151846e-02
1.00000000e+00 0.00000000e+00 8.79374646e-01 8.95657603e-01 1.56779909e-01
1.00000000e+00 0.00000000e+00 8.51908293e-01 9.34190337e-01 6.16813133e-02
1.00000000e+00 0.00000000e+00 7.81806171e-01 8.79536481e-01 6.23195009e-02
1.00000000e+00 0.00000000e+00 7.79118054e-01 8.64601444e-01 2.01190557e-02
1.00000000e+00 0.00000000e+00 6.95677187e-01 9.10994867e-01 7.55323087e-02
1.00000000e+00 0.00000000e+00 9.27909111e-01 8.97094217e-01 1.05901532e-01
1.00000000e+00 0.00000000e+00 8.64508479e-01 9.44885666e-01 1.83847899e-01
1.00000000e+00 0.00000000e+00 9.13342702e-01 9.56385979e-01 3.82200079e-02
1.00000000e+00 0.00000000e+00 3.36840393e-01 9.84149603e-01 2.58715823e-02
1.00000000e+00 0.00000000e+00 9.49965521e-01 9.55323217e-01 7.92528115e-02
1.00000000e+00 0.00000000e+00 9.06428971e-01 9.28706339e-01 2.01128656e-02
1.00000000e+00 0.00000000e+00 8.50817945e-01 9.32468044e-01 1.22823758e-01
1.00000000e+00 0.00000000e+00 7.50421898e-01 8.90405797e-01 2.30972152e-03
1.00000000e+00 0.00000000e+00 9.00121170e-01 9.09375068e-01 3.55021141e-02
1.00000000e+00 0.00000000e+00 8.99333466e-01 9.57765692e-01 6.59325451e-02
1.00000000e+00 0.00000000e+00 8.46673348e-01 9.76194454e-01 8.66388310e-02
1.00000000e+00 0.00000000e+00 7.83597383e-01 8.91471404e-01 5.39920857e-03
1.00000000e+00 0.00000000e+00 9.26822409e-01 8.93892842e-01 6.13931687e-02
1.00000000e+00 0.00000000e+00 8.62454951e-01 9.61367973e-01 1.45163677e-01
1.00000000e+00 0.00000000e+00 8.50704533e-01 8.49614044e-01 1.99895425e-02
1.00000000e+00 0.00000000e+00 9.19073423e-01 9.08967042e-01 6.21614095e-02
1.00000000e+00 0.00000000e+00 8.61894657e-01 9.19381182e-01 1.75589284e-01
1.00000000e+00 0.00000000e+00 8.13608395e-01 9.48789317e-01 1.22596856e-01
1.00000000e+00 0.00000000e+00 7.46576430e-01 9.80513168e-01 4.31201270e-02
1.00000000e+00 0.00000000e+00 8.80154498e-01 9.68101743e-01 1.18628227e-01
1.00000000e+00 0.00000000e+00 8.31203141e-01 8.94496541e-01 8.55667987e-02
1.00000000e+00 0.00000000e+00 8.97453497e-01 9.42744018e-01 1.42553738e-01
1.00000000e+00 0.00000000e+00 9.69953833e-01 1.71387774e-01 5.70224015e-02
1.00000000e+00 0.00000000e+00 8.58981708e-01 9.69012070e-01 1.05908640e-01
1.00000000e+00 0.00000000e+00 8.82930165e-01 8.83740019e-01 7.72092626e-03
1.00000000e+00 0.00000000e+00 7.40467848e-01 9.96788508e-01 3.04489951e-02
1.00000000e+00 0.00000000e+00 8.42822624e-01 8.32110820e-01 2.03873907e-02
1.00000000e+00 0.00000000e+00 8.03412561e-01 8.76419658e-01 6.03417083e-02
1.00000000e+00 0.00000000e+00 8.18294690e-01 8.13398828e-01 8.66616664e-02
1.00000000e+00 0.00000000e+00 9.28223792e-01 8.96772247e-01 6.26948916e-02
1.00000000e+00 0.00000000e+00 8.89629278e-01 9.87364075e-01 3.49202323e-02
1.00000000e+00 0.00000000e+00 8.57221011e-01 9.87960152e-01 4.39233618e-02
1.00000000e+00 0.00000000e+00 9.23174152e-01 9.60759302e-01 1.41095221e-02
1.00000000e+00 0.00000000e+00 9.55575737e-01 1.33690888e-01 4.54339660e-02
1.00000000e+00 0.00000000e+00 8.52125659e-01 9.07936028e-01 1.06024883e-01
1.00000000e+00 0.00000000e+00 8.46553269e-01 9.89867462e-01 1.52817414e-01
1.00000000e+00 0.00000000e+00 8.47325433e-01 8.08546310e-01 4.97952164e-02
1.00000000e+00 0.00000000e+00 8.52282197e-01 9.00295166e-01 2.01701489e-01
1.00000000e+00 0.00000000e+00 7.72807023e-01 9.32350354e-01 2.78715096e-03
1.00000000e+00 0.00000000e+00 9.46417962e-01 9.16288805e-01 4.46693600e-02
1.00000000e+00 0.00000000e+00 8.22425494e-01 8.91087238e-01 6.28983872e-02
1.00000000e+00 0.00000000e+00 8.86733118e-01 9.37547419e-01 1.23632143e-01
1.00000000e+00 0.00000000e+00 8.79617964e-01 9.62360599e-01 1.57213361e-01
1.00000000e+00 0.00000000e+00 8.74895004e-01 9.22276701e-01 1.40417661e-01
1.00000000e+00 0.00000000e+00 9.30627741e-01 8.50711514e-01 7.48937769e-03
1.00000000e+00 0.00000000e+00 9.13372262e-01 9.30703652e-01 1.16566639e-01
1.00000000e+00 0.00000000e+00 9.43140255e-01 9.45903985e-01 9.41874484e-03
1.00000000e+00 0.00000000e+00 9.24028149e-01 8.88328760e-01 1.69122404e-02
1.00000000e+00 0.00000000e+00 8.68380810e-01 8.40526695e-01 5.68558007e-02
1.00000000e+00 0.00000000e+00 8.61290044e-01 9.21868490e-01 1.42454831e-01
1.00000000e+00 0.00000000e+00 8.77940727e-01 8.10801889e-01 3.44368286e-02
1.00000000e+00 0.00000000e+00 8.92720795e-01 9.46539672e-01 1.11285188e-01
1.00000000e+00 0.00000000e+00 8.36696789e-01 9.45072792e-01 1.40465336e-02
1.00000000e+00 0.00000000e+00 8.69243490e-01 8.97580639e-01 1.53372355e-01
1.00000000e+00 0.00000000e+00 8.40186074e-01 8.76409043e-01 7.45440758e-02
1.00000000e+00 0.00000000e+00 8.72456354e-01 8.96655769e-01 3.04294434e-02
1.00000000e+00 0.00000000e+00 8.66866497e-01 8.52836052e-01 1.34472822e-01
1.00000000e+00 0.00000000e+00 7.82517152e-01 8.45949748e-01 2.65621999e-02
1.00000000e+00 0.00000000e+00 8.93612291e-01 8.51363819e-01 2.78591032e-02
1.00000000e+00 0.00000000e+00 9.46680300e-01 9.30036804e-01 8.60788245e-02
1.00000000e+00 0.00000000e+00 9.12492091e-01 9.35234021e-01 6.95210849e-02
1.00000000e+00 0.00000000e+00 8.41914136e-01 9.25521069e-01 7.95125580e-02
1.00000000e+00 0.00000000e+00 7.02673803e-01 9.30227363e-01 5.36083629e-02
1.00000000e+00 0.00000000e+00 6.94601235e-01 9.40959368e-01 7.32257771e-02
1.00000000e+00 0.00000000e+00 8.69022225e-01 8.75431968e-01 1.37136571e-01
1.00000000e+00 0.00000000e+00 8.82236707e-01 8.23675933e-01 5.71135773e-02
1.00000000e+00 0.00000000e+00 8.37305172e-01 9.60012891e-01 3.10805756e-02
1.00000000e+00 0.00000000e+00 6.54514766e-01 9.00751055e-01 1.06568399e-01
1.00000000e+00 0.00000000e+00 7.28731182e-01 9.12403325e-01 9.05234559e-02
1.00000000e+00 0.00000000e+00 8.16057554e-01 9.27516390e-01 5.07271822e-02
1.00000000e+00 0.00000000e+00 8.97723331e-01 9.12039867e-01 9.21730610e-02
1.00000000e+00 0.00000000e+00 8.92924599e-01 9.47234142e-01 1.48136312e-01
1.00000000e+00 0.00000000e+00 9.67270618e-01 3.42007596e-02 1.38028318e-01
1.00000000e+00 0.00000000e+00 8.20584887e-01 8.94487462e-01 5.84998418e-02
1.00000000e+00 0.00000000e+00 9.70052885e-01 9.42113101e-01 1.25902985e-02
1.00000000e+00 0.00000000e+00 8.94638357e-01 9.78680080e-01 5.73472601e-02
1.00000000e+00 0.00000000e+00 9.03436724e-01 8.29387974e-01 1.74252853e-02
1.00000000e+00 0.00000000e+00 8.78400165e-01 8.94626720e-01 1.34954259e-02
1.00000000e+00 0.00000000e+00 8.09538906e-01 9.65447651e-01 7.55792160e-02
1.00000000e+00 0.00000000e+00 7.36320507e-01 9.58759912e-01 2.42448735e-02
1.00000000e+00 0.00000000e+00 8.27357167e-01 7.85680346e-01 6.22794320e-02
1.00000000e+00 0.00000000e+00 8.70315301e-01 9.64483256e-01 1.10637024e-01
1.00000000e+00 0.00000000e+00 6.91582734e-01 9.11124655e-01 5.87849477e-02
1.00000000e+00 0.00000000e+00 9.78486141e-01 1.63429034e-01 4.54233864e-02
1.00000000e+00 0.00000000e+00 9.82485212e-01 6.92993982e-01 2.15730048e-01
1.00000000e+00 0.00000000e+00 8.29926369e-01 9.54558148e-01 1.59640254e-01
1.00000000e+00 0.00000000e+00 9.93341106e-01 7.44474857e-01 1.53198906e-01
1.00000000e+00 0.00000000e+00 6.25684659e-01 9.07865546e-01 9.82995540e-02
1.00000000e+00 0.00000000e+00 9.17411782e-01 8.84146263e-01 6.02795126e-02
1.00000000e+00 0.00000000e+00 7.94355719e-01 9.69713396e-01 4.86035158e-02
1.00000000e+00 0.00000000e+00 7.42168486e-01 8.96285160e-01 5.50331726e-02
1.00000000e+00 0.00000000e+00 8.30847902e-01 8.83319949e-01 1.28371207e-01
1.00000000e+00 0.00000000e+00 9.00854121e-01 8.95789665e-01 1.50381951e-01
1.00000000e+00 0.00000000e+00 8.48025038e-01 8.31728085e-01 8.72052455e-02
1.00000000e+00 0.00000000e+00 8.55255694e-01 8.60604867e-01 3.30032157e-02
1.00000000e+00 0.00000000e+00 8.88836491e-01 9.69191843e-01 1.53049549e-01
1.00000000e+00 0.00000000e+00 7.17390036e-01 8.87724557e-01 1.31184744e-02
1.00000000e+00 0.00000000e+00 8.83139537e-01 9.58469253e-01 1.49473041e-01
1.00000000e+00 0.00000000e+00 8.38902120e-01 9.15331296e-01 8.12441544e-03
1.00000000e+00 0.00000000e+00 7.54381384e-01 8.40205850e-01 7.80075767e-02
1.00000000e+00 0.00000000e+00 8.36197170e-01 7.91854275e-01 8.16012356e-02
1.00000000e+00 0.00000000e+00 9.15369402e-01 9.99933285e-01 5.94539696e-02
1.00000000e+00 0.00000000e+00 9.13523789e-01 9.98904723e-01 5.72625111e-03
1.00000000e+00 0.00000000e+00 8.11740720e-01 8.68310049e-01 3.74834727e-02
1.00000000e+00 0.00000000e+00 8.21060814e-01 8.03556036e-01 7.68187820e-02
1.00000000e+00 0.00000000e+00 9.45895011e-01 9.83765602e-01 6.60614775e-02
1.00000000e+00 0.00000000e+00 8.42156659e-01 9.63325247e-01 1.72875263e-01
1.00000000e+00 0.00000000e+00 7.21315312e-01 8.99737777e-01 6.94639443e-02
1.00000000e+00 0.00000000e+00 8.73580230e-01 9.96429226e-01 6.10975880e-02
1.00000000e+00 0.00000000e+00 8.73653592e-01 9.41554699e-01 8.65378025e-02
1.00000000e+00 0.00000000e+00 7.42927435e-01 8.70048932e-01 6.02642029e-02
1.00000000e+00 0.00000000e+00 8.71708351e-01 9.25568053e-01 1.70277204e-01
1.00000000e+00 0.00000000e+00 8.54448607e-01 9.25059217e-01 1.33249366e-01
1.00000000e+00 0.00000000e+00 8.16596656e-01 8.81601985e-01 1.63070028e-01
1.00000000e+00 0.00000000e+00 8.94685799e-01 9.51487131e-01 3.45540049e-02
1.00000000e+00 0.00000000e+00 8.96664840e-01 8.95324925e-01 8.43700908e-02
1.00000000e+00 0.00000000e+00 8.72926439e-01 9.23860657e-01 5.29988561e-02
1.00000000e+00 0.00000000e+00 8.47709933e-01 8.30200402e-01 3.75379287e-02
1.00000000e+00 0.00000000e+00 8.86429714e-01 8.35596168e-01 5.20508171e-02
1.00000000e+00 0.00000000e+00 8.03355126e-01 8.75668281e-01 2.03401030e-02
1.00000000e+00 0.00000000e+00 8.49721618e-01 9.38836227e-01 9.82206138e-02
1.00000000e+00 0.00000000e+00 8.56555271e-01 8.70513493e-01 1.06915502e-01
1.00000000e+00 0.00000000e+00 9.76671507e-01 1.02080207e-01 6.57919875e-02
1.00000000e+00 0.00000000e+00 8.31970505e-01 9.92218812e-01 7.16002630e-02
1.00000000e+00 0.00000000e+00 7.60741714e-01 8.81100483e-01 5.45491816e-02
1.00000000e+00 0.00000000e+00 8.33644521e-01 8.67649735e-01 1.20332528e-01
1.00000000e+00 0.00000000e+00 9.06834380e-01 9.16682949e-01 4.74538320e-02
1.00000000e+00 0.00000000e+00 8.53430784e-01 9.45924927e-01 1.01591939e-01
1.00000000e+00 0.00000000e+00 8.54412737e-01 9.10326537e-01 3.43110480e-02
1.00000000e+00 0.00000000e+00 8.03325757e-01 9.63250409e-01 4.17516345e-02
1.00000000e+00 0.00000000e+00 7.75631948e-01 8.85669104e-01 9.84973050e-03
1.00000000e+00 0.00000000e+00 8.46140155e-01 9.97869993e-01 5.99974237e-02
1.00000000e+00 0.00000000e+00 7.05059540e-01 9.41541282e-01 9.56684226e-02
1.00000000e+00 0.00000000e+00 9.81799215e-01 9.61997159e-02 8.62456725e-02
1.00000000e+00 0.00000000e+00 8.83481369e-01 9.11668045e-01 1.81901288e-01
1.00000000e+00 0.00000000e+00 9.05925672e-01 9.13043262e-01 6.50856400e-02
1.00000000e+00 0.00000000e+00 8.02228743e-01 8.53597993e-01 4.22499122e-02
1.00000000e+00 0.00000000e+00 6.50128360e-01 9.55165997e-01 1.02689559e-01
1.00000000e+00 0.00000000e+00 7.27327538e-01 8.14135934e-01 3.70864722e-02
1.00000000e+00 0.00000000e+00 7.75603796e-01 8.18729702e-01 3.95131271e-02
1.00000000e+00 0.00000000e+00 8.33057902e-01 8.68856505e-01 2.35410443e-02
1.00000000e+00 0.00000000e+00 9.55859987e-01 9.85295869e-01 2.24371965e-02
1.00000000e+00 0.00000000e+00 9.51693983e-01 8.89126409e-01 2.24016334e-03
1.00000000e+00 0.00000000e+00 8.38490104e-01 8.62516060e-01 1.17637067e-01
1.00000000e+00 0.00000000e+00 8.69824403e-01 8.72884442e-01 1.16624347e-01
1.00000000e+00 0.00000000e+00 7.35098369e-01 8.11522602e-01 1.17909152e-02
1.00000000e+00 0.00000000e+00 8.74323963e-01 9.44551393e-01 1.56699181e-01
1.00000000e+00 0.00000000e+00 9.29669453e-01 9.66772212e-01 3.12175632e-02
1.00000000e+00 0.00000000e+00 6.77565862e-01 9.39121680e-01 1.08263894e-01
1.00000000e+00 0.00000000e+00 8.87107077e-01 8.04882998e-01 9.83895720e-02
1.00000000e+00 0.00000000e+00 9.99927174e-01 6.61495908e-01 2.44009809e-01
1.00000000e+00 0.00000000e+00 6.93968066e-01 9.33203442e-01 7.20621006e-02
1.00000000e+00 0.00000000e+00 7.44117361e-01 9.19044586e-01 2.52207035e-02
1.00000000e+00 0.00000000e+00 9.29560739e-01 9.86714555e-01 8.45687717e-02
1.00000000e+00 0.00000000e+00 9.41220891e-01 9.64633339e-01 1.40959938e-02
1.00000000e+00 0.00000000e+00 8.08818862e-01 9.92397765e-01 9.66795315e-02
1.00000000e+00 0.00000000e+00 8.68412507e-01 9.31110739e-01 3.74978064e-02
1.00000000e+00 0.00000000e+00 8.87005723e-01 9.99549173e-01 8.38109462e-02
1.00000000e+00 0.00000000e+00 8.78816586e-01 9.81755255e-01 1.28056340e-01
1.00000000e+00 0.00000000e+00 8.61590663e-01 8.72467052e-01 6.00833294e-03
1.00000000e+00 0.00000000e+00 8.29122379e-01 8.83415652e-01 1.51035622e-02
1.00000000e+00 0.00000000e+00 8.77337474e-01 9.48520426e-01 9.22057658e-02
1.00000000e+00 0.00000000e+00 8.60063913e-01 9.13953073e-01 1.96201728e-01
1.00000000e+00 0.00000000e+00 8.50669576e-01 8.26741922e-01 5.50326773e-02
1.00000000e+00 0.00000000e+00 9.92689133e-01 4.67011363e-01 1.68675137e-01
1.00000000e+00 0.00000000e+00 8.86621682e-01 9.14169241e-01 8.07070501e-02
1.00000000e+00 0.00000000e+00 8.92955243e-01 9.11362089e-01 1.37733923e-03
1.00000000e+00 0.00000000e+00 9.20821510e-01 9.17332765e-01 1.34312651e-02
1.00000000e+00 0.00000000e+00 6.75947115e-01 8.93692050e-01 1.03241938e-01
1.00000000e+00 0.00000000e+00 8.70012778e-01 9.27246396e-01 9.31259394e-03
1.00000000e+00 0.00000000e+00 7.06470792e-01 9.55597186e-01 6.46662149e-02
1.00000000e+00 0.00000000e+00 9.38851299e-01 9.03602333e-01 8.34969776e-02
1.00000000e+00 0.00000000e+00 8.23327218e-01 3.89902866e-03 7.84464253e-02
1.00000000e+00 0.00000000e+00 8.34677678e-01 9.33674197e-01 7.44152049e-02
1.00000000e+00 0.00000000e+00 8.05775438e-01 9.60506583e-01 7.20144201e-02
1.00000000e+00 0.00000000e+00 9.50034459e-01 9.72739440e-01 5.93120416e-02
1.00000000e+00 0.00000000e+00 6.78989946e-01 9.45246553e-01 1.14940737e-01
1.00000000e+00 0.00000000e+00 8.11584213e-01 8.12663347e-01 8.51075961e-02
1.00000000e+00 0.00000000e+00 9.75817410e-01 9.57454818e-01 1.54494232e-03
1.00000000e+00 0.00000000e+00 7.79827643e-01 8.65005366e-01 3.57767228e-02
1.00000000e+00 0.00000000e+00 9.07478620e-01 9.73758194e-01 7.47469636e-02
1.00000000e+00 0.00000000e+00 6.99370147e-01 9.57109193e-01 6.39165087e-02
1.00000000e+00 0.00000000e+00 8.53987846e-01 9.52340958e-01 6.29029214e-02
1.00000000e+00 0.00000000e+00 9.94556337e-01 1.43824127e-01 6.55968883e-02
1.00000000e+00 0.00000000e+00 7.71523056e-01 9.69403925e-01 1.56854807e-02
1.00000000e+00 0.00000000e+00 7.13008521e-01 9.70641060e-01 6.94126307e-02
1.00000000e+00 0.00000000e+00 8.84558589e-01 9.03142614e-01 1.35274073e-01
1.00000000e+00 0.00000000e+00 8.07859241e-01 9.16911590e-01 7.07932821e-03
1.00000000e+00 0.00000000e+00 7.45296673e-01 8.62883708e-01 5.36003220e-02
1.00000000e+00 0.00000000e+00 8.41936828e-01 9.31609080e-01 5.81296482e-02
1.00000000e+00 0.00000000e+00 8.61400687e-01 9.17709215e-01 1.12586370e-01
1.00000000e+00 0.00000000e+00 8.11256704e-01 9.87404535e-01 1.05607763e-01
1.00000000e+00 0.00000000e+00 9.76415227e-01 9.64513546e-01 1.45116124e-02
1.00000000e+00 0.00000000e+00 8.04186775e-01 9.40847705e-01 1.47796263e-02
1.00000000e+00 0.00000000e+00 8.83335647e-01 9.53773770e-01 1.68930537e-01
1.00000000e+00 0.00000000e+00 8.70223290e-01 9.04460625e-01 1.58584906e-01
1.00000000e+00 0.00000000e+00 8.32158707e-01 8.92547010e-01 1.34848687e-01
1.00000000e+00 0.00000000e+00 8.75561200e-01 8.67208625e-01 1.21873986e-01
1.00000000e+00 0.00000000e+00 8.29610300e-01 8.28912778e-01 5.73178119e-03
1.00000000e+00 0.00000000e+00 8.21957265e-01 8.34702526e-01 1.64940673e-02
1.00000000e+00 0.00000000e+00 8.17949446e-01 8.08377956e-01 8.10462641e-02
1.00000000e+00 0.00000000e+00 7.10027162e-01 9.82558368e-01 6.02466434e-02
1.00000000e+00 0.00000000e+00 8.68833598e-01 7.90453639e-01 8.85534078e-02
1.00000000e+00 0.00000000e+00 4.14633910e-01 9.54944332e-01 1.01409246e-01
1.00000000e+00 0.00000000e+00 7.59253460e-01 8.43390526e-01 4.47062734e-02
1.00000000e+00 0.00000000e+00 8.07555359e-01 8.79996130e-01 4.67925879e-02
1.00000000e+00 0.00000000e+00 8.25633239e-01 8.78551827e-01 1.43810462e-01
1.00000000e+00 0.00000000e+00 8.17027569e-01 9.62618744e-01 3.79597438e-02
1.00000000e+00 0.00000000e+00 7.68232077e-01 8.21417461e-01 3.80320379e-02
1.00000000e+00 0.00000000e+00 7.07265913e-01 8.97434277e-01 1.21347083e-01
1.00000000e+00 0.00000000e+00 6.08230348e-01 9.25613612e-01 1.32105838e-01
1.00000000e+00 0.00000000e+00 8.41486164e-01 9.18304526e-01 1.38356108e-01
1.00000000e+00 0.00000000e+00 6.94802828e-01 9.54170982e-01 8.49976277e-02
1.00000000e+00 0.00000000e+00 8.98130226e-01 8.47520805e-01 6.81399780e-02
1.00000000e+00 0.00000000e+00 8.21915779e-01 9.71581520e-01 1.20098563e-01
1.00000000e+00 0.00000000e+00 9.33095369e-01 9.81459646e-01 1.10534616e-01
1.00000000e+00 0.00000000e+00 7.98758354e-01 9.24614335e-01 2.13497918e-02
1.00000000e+00 0.00000000e+00 7.90101606e-01 8.63171890e-01 1.03130040e-01
1.00000000e+00 0.00000000e+00 8.28417649e-01 7.86636781e-01 5.64738565e-02
1.00000000e+00 0.00000000e+00 8.26589386e-01 9.41239985e-01 1.18408459e-01
1.00000000e+00 0.00000000e+00 8.47678655e-01 8.84775034e-01 2.30184126e-02
1.00000000e+00 0.00000000e+00 7.33409893e-01 8.37321613e-01 2.00686288e-02
1.00000000e+00 0.00000000e+00 8.13524023e-01 6.08836314e-03 7.88868055e-02
1.00000000e+00 0.00000000e+00 7.72524107e-01 9.72613228e-01 1.57044923e-02
1.00000000e+00 0.00000000e+00 8.05218063e-01 9.63662427e-01 4.06165944e-02
1.00000000e+00 0.00000000e+00 7.17267322e-01 9.16098823e-01 4.62141429e-02
1.00000000e+00 0.00000000e+00 9.45004923e-01 9.30075167e-01 1.11368075e-02
1.00000000e+00 0.00000000e+00 7.93133376e-01 9.93707261e-01 2.67270153e-02
1.00000000e+00 0.00000000e+00 8.33346620e-01 9.37776482e-01 1.54115663e-01
1.00000000e+00 0.00000000e+00 8.74983557e-01 8.55439336e-01 7.50102759e-02
1.00000000e+00 0.00000000e+00 8.65735008e-01 9.87883925e-01 4.63080549e-02
1.00000000e+00 0.00000000e+00 6.94974205e-01 9.05355453e-01 8.70427600e-02
1.00000000e+00 0.00000000e+00 6.97819989e-01 8.65264494e-01 4.86938326e-02
1.00000000e+00 0.00000000e+00 9.74020346e-01 4.64733309e-02 1.30282200e-01
1.00000000e+00 0.00000000e+00 7.24818488e-01 9.25200334e-01 2.77537828e-02
1.00000000e+00 0.00000000e+00 8.59401214e-01 9.48196660e-01 7.29250468e-02
1.00000000e+00 0.00000000e+00 9.15504258e-01 8.81925275e-01 1.06379003e-01
1.00000000e+00 0.00000000e+00 7.69113042e-01 8.86862964e-01 3.64534298e-02
1.00000000e+00 0.00000000e+00 8.70826522e-01 8.26771466e-01 3.21196751e-02
1.00000000e+00 0.00000000e+00 8.54298054e-01 8.13104990e-01 4.67963223e-02
1.00000000e+00 0.00000000e+00 7.24002930e-01 9.89492169e-01 3.69247853e-02
1.00000000e+00 0.00000000e+00 9.57246298e-01 9.89878069e-01 7.20551603e-02
1.00000000e+00 0.00000000e+00 8.55771585e-01 9.49767704e-01 1.00078394e-01
1.00000000e+00 0.00000000e+00 8.71397948e-01 8.97849500e-01 5.85635052e-02
1.00000000e+00 0.00000000e+00 5.05678011e-02 6.53507126e-01 1.04880878e-01
1.00000000e+00 0.00000000e+00 9.43281214e-01 9.74886862e-01 1.72320580e-02
1.00000000e+00 0.00000000e+00 8.63446765e-01 8.71439834e-01 3.08933781e-02
1.00000000e+00 0.00000000e+00 8.46367498e-01 8.54118635e-01 1.36137110e-01
1.00000000e+00 0.00000000e+00 8.60494249e-01 9.54560785e-01 9.06637852e-03
1.00000000e+00 0.00000000e+00 8.67818978e-01 8.72284872e-01 1.26227047e-01
1.00000000e+00 0.00000000e+00 8.25235699e-01 9.37171716e-01 1.42495176e-02
1.00000000e+00 0.00000000e+00 7.77140930e-01 8.09435134e-01 4.84347256e-02
1.00000000e+00 0.00000000e+00 8.34948110e-01 8.64152466e-01 1.31138644e-01
1.00000000e+00 0.00000000e+00 8.45933140e-01 8.87103731e-01 4.87657487e-02
1.00000000e+00 0.00000000e+00 8.69228995e-01 9.95051962e-01 1.19129994e-01
1.00000000e+00 0.00000000e+00 8.72561433e-01 8.45865987e-01 6.85553262e-02
1.00000000e+00 0.00000000e+00 7.49476587e-01 8.62357030e-01 8.73029456e-02
1.00000000e+00 0.00000000e+00 7.61314497e-01 9.95181919e-01 6.89750514e-03
1.00000000e+00 0.00000000e+00 7.86062871e-01 7.98215118e-01 1.45031538e-02
1.00000000e+00 0.00000000e+00 8.00214975e-01 9.12601055e-01 2.67287571e-02
1.00000000e+00 0.00000000e+00 8.77600292e-01 9.37776979e-01 5.03308856e-02
1.00000000e+00 0.00000000e+00 7.96580483e-01 9.21124593e-01 9.73095043e-02
1.00000000e+00 0.00000000e+00 8.15591866e-01 9.86389611e-01 1.49218517e-02
1.00000000e+00 0.00000000e+00 7.33395951e-01 9.47696849e-01 7.00036543e-02
1.00000000e+00 0.00000000e+00 8.27493379e-01 9.74788392e-01 4.46561398e-02
1.00000000e+00 0.00000000e+00 8.45689044e-01 9.45241535e-01 1.95883141e-01
1.00000000e+00 0.00000000e+00 7.35340983e-01 8.76469251e-01 5.40081225e-02
1.00000000e+00 0.00000000e+00 8.74063296e-01 9.07779669e-01 5.04701384e-02
1.00000000e+00 0.00000000e+00 9.52441215e-01 9.65454853e-01 4.10012088e-02
1.00000000e+00 0.00000000e+00 9.66175469e-01 9.71776493e-01 3.97230425e-02
1.00000000e+00 0.00000000e+00 7.48553662e-01 8.69701420e-01 2.84075685e-02
1.00000000e+00 0.00000000e+00 8.86092327e-01 8.45922324e-01 2.83751084e-02
