1.00000000e+00 0.00000000e+00 -5.46778265e-01 -2.45939637e-01
1.00000000e+00 0.00000000e+00 -7.58132625e-01 1.45856393e-01
1.00000000e+00 0.00000000e+00 -8.56622446e-01 9.38440039e-01
1.00000000e+00 0.00000000e+00 -8.48762181e-01 7.73573017e-01
1.00000000e+00 0.00000000e+00 -5.76491189e-01 4.49735520e-01
1.00000000e+00 0.00000000e+00 -3.04876179e-01 4.68234854e-01
1.00000000e+00 0.00000000e+00 -8.55559334e-01 5.92317809e-01
1.00000000e+00 0.00000000e+00 -6.24892196e-01 -6.94787444e-01
1.00000000e+00 0.00000000e+00 -9.17499612e-01 -1.50136580e-02
1.00000000e+00 0.00000000e+00 -9.34225348e-01 1.03754219e+00
1.00000000e+00 0.00000000e+00 -9.59426410e-01 -7.62461937e-01
1.00000000e+00 0.00000000e+00 -9.60160503e-01 9.78657091e-02
1.00000000e+00 0.00000000e+00 -7.07851062e-01 1.28034158e+00
1.00000000e+00 0.00000000e+00 -9.43386960e-01 -4.54637688e-01
1.00000000e+00 0.00000000e+00 -8.26392968e-01 1.89444513e+00
1.00000000e+00 0.00000000e+00 -9.08342788e-01 1.52735865e-01
1.00000000e+00 0.00000000e+00 -9.86636356e-01 -7.39936682e-01
1.00000000e+00 0.00000000e+00 -9.89025487e-01 -5.94698369e-01
1.00000000e+00 0.00000000e+00 -7.54258413e-01 -8.36887358e-01
1.00000000e+00 0.00000000e+00 -7.84017979e-01 6.18529351e-01
1.00000000e+00 0.00000000e+00 -8.51118705e-01 1.77716028e+00
1.00000000e+00 0.00000000e+00 -9.48445253e-01 -1.27310048e-01
1.00000000e+00 0.00000000e+00 -9.82008447e-01 1.48621989e+00
1.00000000e+00 0.00000000e+00 -8.48525242e-01 -6.72312695e-01
1.00000000e+00 0.00000000e+00 -9.47416892e-01 -6.40922756e-01
1.00000000e+00 0.00000000e+00 -8.53472470e-01 -2.02830831e-01
1.00000000e+00 0.00000000e+00 -6.34259119e-01 -4.45830459e-01
1.00000000e+00 0.00000000e+00 -8.53745531e-01 -3.49826871e-01
1.00000000e+00 0.00000000e+00 -8.98760915e-01 1.11781680e+00
1.00000000e+00 0.00000000e+00 -9.20541199e-01 1.02883279e+00
1.00000000e+00 0.00000000e+00 -9.38440244e-01 8.34198677e-01
1.00000000e+00 0.00000000e+00 -6.85277209e-01 3.17052164e-01
1.00000000e+00 0.00000000e+00 -9.58655206e-01 3.43199185e-01
1.00000000e+00 0.00000000e+00 -8.31578498e-01 1.80239208e+00
1.00000000e+00 0.00000000e+00 -7.83794912e-01 7.00114602e-01
1.00000000e+00 0.00000000e+00 -8.35181895e-01 7.72438941e-01
1.00000000e+00 0.00000000e+00 -8.01526700e-01 7.01251347e-02
1.00000000e+00 0.00000000e+00 -9.08186294e-01 4.46174956e-01
1.00000000e+00 0.00000000e+00 -9.70353628e-03 1.09352648e+00
1.00000000e+00 0.00000000e+00 -4.68359165e-01 -8.19733954e-01
1.00000000e+00 0.00000000e+00 -8.53575209e-01 -4.53064705e-01
1.00000000e+00 0.00000000e+00 -9.52153669e-01 7.22171885e-01
1.00000000e+00 0.00000000e+00 -9.76203529e-01 1.51753403e+00
1.00000000e+00 0.00000000e+00 -6.56014213e-01 4.82177673e-01
1.00000000e+00 0.00000000e+00 -9.91751935e-01 6.67670759e-01
1.00000000e+00 0.00000000e+00 -9.87551424e-01 1.93690864e+00
1.00000000e+00 0.00000000e+00 -7.21198279e-01 3.93077393e-01
1.00000000e+00 0.00000000e+00 -8.82095361e-01 1.46263758e+00
1.00000000e+00 0.00000000e+00 -8.24485816e-01 1.10732602e+00
1.00000000e+00 0.00000000e+00 -1.42268358e-01 7.68220841e-01
1.00000000e+00 0.00000000e+00 -7.25868636e-01 1.19006278e+00
1.00000000e+00 0.00000000e+00 -6.64420461e-01 5.70095185e-01
1.00000000e+00 0.00000000e+00 -6.87860268e-01 1.67077012e+00
1.00000000e+00 0.00000000e+00 -5.01425707e-01 3.75583365e-01
1.00000000e+00 0.00000000e+00 -8.04019408e-01 -1.49346057e-01
1.00000000e+00 0.00000000e+00 -3.56029893e-01 -6.87272290e-02
1.00000000e+00 0.00000000e+00 -9.33111219e-01 1.24946799e+00
1.00000000e+00 0.00000000e+00 -9.03742969e-01 1.21324001e-01
1.00000000e+00 0.00000000e+00 -7.06492485e-01 1.70330081e+00
1.00000000e+00 0.00000000e+00 -9.89536543e-01 -3.01159973e-01
1.00000000e+00 0.00000000e+00 -5.47534338e-01 -9.51790724e-01
1.00000000e+00 0.00000000e+00 -9.97856766e-01 -1.43723254e-01
1.00000000e+00 0.00000000e+00 -8.36094856e-01 4.74947692e-01
1.00000000e+00 0.00000000e+00 -6.20326227e-01 -3.80467168e-01
1.00000000e+00 0.00000000e+00 -4.27312479e-01 -7.80311861e-01
1.00000000e+00 0.00000000e+00 -9.77046701e-01 -4.44787199e-01
1.00000000e+00 0.00000000e+00 -9.25943513e-01 -4.28239718e-01
1.00000000e+00 0.00000000e+00 -7.79106262e-01 3.84531292e-01
1.00000000e+00 0.00000000e+00 -7.97884579e-01 4.75387894e-01
1.00000000e+00 0.00000000e+00 -7.71478966e-01 1.01077564e+00
1.00000000e+00 0.00000000e+00 -8.76682620e-01 1.90618405e+00
1.00000000e+00 0.00000000e+00 -9.75372669e-01 -1.50203660e-01
1.00000000e+00 0.00000000e+00 -9.82959346e-01 -6.79798337e-01
1.00000000e+00 0.00000000e+00 -9.27234115e-01 1.25313942e+00
1.00000000e+00 0.00000000e+00 -1.89107329e-01 1.77827114e+00
1.00000000e+00 0.00000000e+00 -8.79065134e-01 1.99037367e+00
1.00000000e+00 0.00000000e+00 -8.94407948e-01 1.80351252e-01
1.00000000e+00 0.00000000e+00 -4.73119341e-01 -4.45358593e-01
1.00000000e+00 0.00000000e+00 -9.34157634e-01 -8.40435496e-01
1.00000000e+00 0.00000000e+00 -9.37164956e-01 9.81556680e-01
1.00000000e+00 0.00000000e+00 -8.13791691e-01 -6.48230427e-02
1.00000000e+00 0.00000000e+00 -8.30180898e-01 -7.33849022e-01
1.00000000e+00 0.00000000e+00 -8.12329604e-01 2.70111100e-02
1.00000000e+00 0.00000000e+00 -9.33264605e-01 1.08571232e-01
1.00000000e+00 0.00000000e+00 -6.08531582e-01 -7.64436581e-03
1.00000000e+00 0.00000000e+00 -9.93957589e-01 1.89717367e+00
1.00000000e+00 0.00000000e+00 -9.49977361e-01 1.35842422e+00
1.00000000e+00 0.00000000e+00 -7.10744326e-01 1.87613213e+00
1.00000000e+00 0.00000000e+00 -1.38579854e-01 1.42562076e+00
1.00000000e+00 0.00000000e+00 -7.24903245e-01 -2.10561960e-01
1.00000000e+00 0.00000000e+00 -9.17235618e-01 -9.73200674e-01
1.00000000e+00 0.00000000e+00 -4.91655601e-01 -3.99187324e-01
1.00000000e+00 0.00000000e+00 -7.40763047e-01 1.83171193e+00
1.00000000e+00 0.00000000e+00 -8.93258815e-01 1.40216717e+00
1.00000000e+00 0.00000000e+00 -8.04052232e-01 8.51651863e-01
1.00000000e+00 0.00000000e+00 -8.43605583e-01 1.76084618e+00
1.00000000e+00 0.00000000e+00 -7.15774560e-01 2.61986927e-01
1.00000000e+00 0.00000000e+00 -8.95413278e-01 1.90240193e+00
1.00000000e+00 0.00000000e+00 -8.97220589e-01 9.59507946e-01
1.00000000e+00 0.00000000e+00 -8.09967804e-01 -1.28411042e-01
1.00000000e+00 0.00000000e+00 -6.64242651e-01 -3.56040856e-01
1.00000000e+00 0.00000000e+00 -7.42389816e-01 -8.55973204e-01
1.00000000e+00 0.00000000e+00 -2.72605673e-01 -6.67990793e-01
1.00000000e+00 0.00000000e+00 -8.69971882e-01 -5.19416952e-01
1.00000000e+00 0.00000000e+00 -8.64944919e-01 -8.80452338e-02
1.00000000e+00 0.00000000e+00 -8.97266285e-01 1.58613394e+00
1.00000000e+00 0.00000000e+00 -3.65094005e-01 5.52755166e-01
1.00000000e+00 0.00000000e+00 -7.19787694e-01 2.18121382e-01
1.00000000e+00 0.00000000e+00 -6.62746817e-01 1.32502063e-01
1.00000000e+00 0.00000000e+00 -6.82613931e-01 -1.79579417e-01
1.00000000e+00 0.00000000e+00 -8.84567653e-01 -6.56091842e-01
1.00000000e+00 0.00000000e+00 -8.38977396e-01 7.21787085e-01
1.00000000e+00 0.00000000e+00 -8.68298131e-01 -5.31120778e-01
1.00000000e+00 0.00000000e+00 2.04055267e-01 7.47134312e-01
1.00000000e+00 0.00000000e+00 -6.08702170e-01 7.25227904e-01
1.00000000e+00 0.00000000e+00 -9.45292057e-01 1.15538081e-01
1.00000000e+00 0.00000000e+00 -4.97788516e-01 1.63816206e+00
1.00000000e+00 0.00000000e+00 -8.25048697e-01 1.21830042e+00
1.00000000e+00 0.00000000e+00 -7.50576129e-01 1.25626450e-01
1.00000000e+00 0.00000000e+00 -9.47365321e-01 1.23114530e-01
1.00000000e+00 0.00000000e+00 -8.22213886e-01 -8.27166656e-01
1.00000000e+00 0.00000000e+00 -2.63136810e-01 1.77864242e-03
1.00000000e+00 0.00000000e+00 -7.11293471e-01 -8.16234913e-01
1.00000000e+00 0.00000000e+00 -7.84534335e-01 1.99827237e+00
1.00000000e+00 0.00000000e+00 -9.04959675e-01 8.58247098e-02
1.00000000e+00 0.00000000e+00 -3.44387438e-01 -2.55653900e-01
1.00000000e+00 0.00000000e+00 -8.80531108e-01 -9.84433616e-01
1.00000000e+00 0.00000000e+00 -7.98661318e-01 5.36706165e-02
1.00000000e+00 0.00000000e+00 -8.35337796e-01 1.41078449e+00
1.00000000e+00 0.00000000e+00 -7.58681289e-01 2.75878044e-01
1.00000000e+00 0.00000000e+00 -7.21686469e-01 -3.89573875e-01
1.00000000e+00 0.00000000e+00 -9.42529277e-01 3.26848688e-01
1.00000000e+00 0.00000000e+00 -6.47520426e-01 -3.92065849e-01
1.00000000e+00 0.00000000e+00 -9.67403411e-01 1.04452332e+00
1.00000000e+00 0.00000000e+00 -9.14727441e-01 1.98641731e+00
1.00000000e+00 0.00000000e+00 -9.91727569e-01 7.13799421e-01
1.00000000e+00 0.00000000e+00 -8.98297042e-01 9.83543968e-02
1.00000000e+00 0.00000000e+00 -9.94870913e-01 1.77209596e+00
1.00000000e+00 0.00000000e+00 -9.16612116e-01 1.89970052e+00
1.00000000e+00 0.00000000e+00 -9.14445815e-01 1.59589550e+00
1.00000000e+00 0.00000000e+00 -6.06781751e-01 1.31740234e+00
1.00000000e+00 0.00000000e+00 -9.46279012e-01 1.88848675e+00
1.00000000e+00 0.00000000e+00 -9.53771035e-01 3.26436485e-01
1.00000000e+00 0.00000000e+00 -9.98014175e-01 8.32727897e-02
1.00000000e+00 0.00000000e+00 -9.95240052e-01 7.18179620e-01
1.00000000e+00 0.00000000e+00 -9.98531418e-01 -4.71598884e-01
1.00000000e+00 0.00000000e+00 -4.27163048e-01 1.42503394e+00
1.00000000e+00 0.00000000e+00 -9.30625280e-01 1.49481992e+00
1.00000000e+00 0.00000000e+00 -9.99379354e-01 -4.06342934e-01
1.00000000e+00 0.00000000e+00 -9.29865690e-01 7.68220843e-01
1.00000000e+00 0.00000000e+00 -9.87993157e-01 1.18382980e+00
1.00000000e+00 0.00000000e+00 -9.88794765e-01 7.13914752e-01
1.00000000e+00 0.00000000e+00 -6.51144573e-01 1.08241648e+00
1.00000000e+00 0.00000000e+00 -8.96311417e-01 -5.19572839e-01
1.00000000e+00 0.00000000e+00 -8.97099365e-01 1.97961696e+00
1.00000000e+00 0.00000000e+00 -8.64568551e-01 3.54504581e-01
1.00000000e+00 0.00000000e+00 -7.11000093e-01 -1.90994677e-02
1.00000000e+00 0.00000000e+00 -7.76616001e-01 1.04563235e+00
1.00000000e+00 0.00000000e+00 -8.28078000e-01 1.62716880e+00
1.00000000e+00 0.00000000e+00 -8.63816438e-01 -6.37865142e-01
1.00000000e+00 0.00000000e+00 -5.65715760e-01 7.67254101e-01
1.00000000e+00 0.00000000e+00 -5.73643261e-01 -7.72864794e-02
1.00000000e+00 0.00000000e+00 5.38300393e-02 1.65363470e-02
1.00000000e+00 0.00000000e+00 -5.98992943e-01 7.38794919e-01
1.00000000e+00 0.00000000e+00 -8.40542205e-01 -4.10663728e-01
1.00000000e+00 0.00000000e+00 -8.39554074e-01 2.60984617e-01
1.00000000e+00 0.00000000e+00 -9.78633132e-01 6.82102524e-01
1.00000000e+00 0.00000000e+00 -9.43543703e-01 6.55139579e-02
1.00000000e+00 0.00000000e+00 -7.31329000e-01 9.07320805e-01
1.00000000e+00 0.00000000e+00 -9.71196089e-01 -6.05955547e-01
1.00000000e+00 0.00000000e+00 -9.04787296e-01 6.15676862e-01
1.00000000e+00 0.00000000e+00 -8.09733121e-01 -1.58682290e-01
1.00000000e+00 0.00000000e+00 -7.74148570e-01 1.47018505e+00
1.00000000e+00 0.00000000e+00 -7.45182845e-01 9.50663826e-01
1.00000000e+00 0.00000000e+00 -7.05820768e-01 -5.12407306e-01
1.00000000e+00 0.00000000e+00 -7.81408040e-01 1.48008794e+00
1.00000000e+00 0.00000000e+00 -5.38160095e-01 -7.28773337e-01
1.00000000e+00 0.00000000e+00 -9.00805321e-01 1.60720446e+00
1.00000000e+00 0.00000000e+00 -9.09920129e-01 -1.38103834e-01
1.00000000e+00 0.00000000e+00 -8.72345655e-01 1.15613759e+00
1.00000000e+00 0.00000000e+00 -7.87557196e-01 1.02527044e+00
1.00000000e+00 0.00000000e+00 -5.28756005e-01 1.41979003e+00
1.00000000e+00 0.00000000e+00 -8.45058809e-01 4.40493456e-01
1.00000000e+00 0.00000000e+00 -9.86180891e-01 1.03972366e+00
1.00000000e+00 0.00000000e+00 -5.77106195e-01 -1.58655163e-01
1.00000000e+00 0.00000000e+00 -9.48257828e-01 -8.78585087e-01
1.00000000e+00 0.00000000e+00 -9.85143282e-01 1.22442880e+00
1.00000000e+00 0.00000000e+00 -9.37952845e-01 -8.02539424e-01
1.00000000e+00 0.00000000e+00 -8.56292893e-01 4.18632997e-01
1.00000000e+00 0.00000000e+00 -8.55250709e-01 1.82039993e+00
1.00000000e+00 0.00000000e+00 -9.35138668e-01 4.74930460e-01
1.00000000e+00 0.00000000e+00 -8.26657687e-01 8.84561103e-01
1.00000000e+00 0.00000000e+00 -9.74077582e-01 7.22371076e-01
1.00000000e+00 0.00000000e+00 -5.84852697e-01 6.03425287e-01
1.00000000e+00 0.00000000e+00 -9.58232543e-01 4.32639001e-02
1.00000000e+00 0.00000000e+00 -4.29226035e-01 1.00629289e+00
1.00000000e+00 0.00000000e+00 -6.97167675e-01 -4.71677902e-02
1.00000000e+00 0.00000000e+00 -9.64760980e-01 2.41820192e-01
1.00000000e+00 0.00000000e+00 -8.27131196e-01 -2.22702795e-01
1.00000000e+00 0.00000000e+00 -9.62489038e-01 1.59155369e+00
1.00000000e+00 0.00000000e+00 -9.82473315e-01 -7.43070705e-01
1.00000000e+00 0.00000000e+00 -9.45977918e-01 8.76586101e-01
1.00000000e+00 0.00000000e+00 -8.07060282e-01 1.18962875e+00
1.00000000e+00 0.00000000e+00 -9.31138434e-01 7.51527109e-01
1.00000000e+00 0.00000000e+00 -1.68545710e-01 -4.59754811e-01
1.00000000e+00 0.00000000e+00 -9.07208624e-01 2.79964935e-01
1.00000000e+00 0.00000000e+00 -8.89203019e-01 1.85836672e+00
1.00000000e+00 0.00000000e+00 -5.96047263e-01 5.66314163e-01
1.00000000e+00 0.00000000e+00 -5.71245658e-01 1.82752150e+00
1.00000000e+00 0.00000000e+00 -7.77370640e-01 4.25657684e-01
1.00000000e+00 0.00000000e+00 -7.02822028e-01 -1.62333736e-01
1.00000000e+00 0.00000000e+00 -7.56842788e-01 7.11982077e-01
1.00000000e+00 0.00000000e+00 -7.82536080e-01 3.51370798e-01
1.00000000e+00 0.00000000e+00 -7.23995738e-01 -2.36756379e-01
1.00000000e+00 0.00000000e+00 -9.00016613e-01 -2.83637750e-01
1.00000000e+00 0.00000000e+00 -7.95463751e-01 9.89999926e-01
1.00000000e+00 0.00000000e+00 -9.53768364e-01 4.21040369e-01
1.00000000e+00 0.00000000e+00 -9.75534602e-01 1.19871789e-01
1.00000000e+00 0.00000000e+00 -9.41566450e-01 5.57942489e-01
1.00000000e+00 0.00000000e+00 -8.78347525e-01 1.26723504e-01
1.00000000e+00 0.00000000e+00 -8.82636126e-01 3.02990029e-02
1.00000000e+00 0.00000000e+00 -9.80551431e-01 1.45910822e+00
1.00000000e+00 0.00000000e+00 -9.98030953e-01 -2.37074689e-01
1.00000000e+00 0.00000000e+00 -6.16357528e-01 5.80245722e-02
1.00000000e+00 0.00000000e+00 -9.54242221e-01 -6.10382003e-01
1.00000000e+00 0.00000000e+00 -8.52171031e-01 1.44782294e+00
1.00000000e+00 0.00000000e+00 -9.98079808e-01 6.46933965e-01
1.00000000e+00 0.00000000e+00 -9.53289775e-01 1.85725152e+00
1.00000000e+00 0.00000000e+00 -8.36965233e-01 1.34079327e+00
1.00000000e+00 0.00000000e+00 -8.62542062e-01 6.97275981e-01
1.00000000e+00 0.00000000e+00 -9.99236556e-01 -8.83001288e-01
1.00000000e+00 0.00000000e+00 -6.13441032e-01 -9.33851848e-01
1.00000000e+00 0.00000000e+00 -4.19668823e-01 5.95691221e-01
1.00000000e+00 0.00000000e+00 -9.92384260e-01 -5.52485955e-01
1.00000000e+00 0.00000000e+00 -8.85507985e-01 1.84797021e-01
1.00000000e+00 0.00000000e+00 -8.18853711e-01 -5.18070981e-01
1.00000000e+00 0.00000000e+00 -9.54705808e-01 1.14216415e+00
1.00000000e+00 0.00000000e+00 -9.43764910e-01 3.60023482e-01
1.00000000e+00 0.00000000e+00 -9.20547127e-01 -3.53932863e-01
1.00000000e+00 0.00000000e+00 -4.03373997e-01 -9.19332598e-01
1.00000000e+00 0.00000000e+00 -7.40296629e-01 9.39365493e-01
1.00000000e+00 0.00000000e+00 -6.81364100e-01 1.35644968e-01
1.00000000e+00 0.00000000e+00 -9.12062421e-01 -3.69089793e-01
1.00000000e+00 0.00000000e+00 -8.45531089e-01 1.49821237e+00
1.00000000e+00 0.00000000e+00 -8.82502650e-01 -8.63504353e-01
1.00000000e+00 0.00000000e+00 -9.40661872e-01 1.76902303e+00
1.00000000e+00 0.00000000e+00 -9.19446887e-01 4.96345414e-01
1.00000000e+00 0.00000000e+00 -8.29896187e-01 -5.23159807e-01
1.00000000e+00 0.00000000e+00 -9.39581897e-01 1.22362099e+00
1.00000000e+00 0.00000000e+00 -9.82678079e-01 1.44097145e+00
1.00000000e+00 0.00000000e+00 -8.15283909e-01 4.63226014e-01
1.00000000e+00 0.00000000e+00 -9.82049471e-01 1.40362566e+00
1.00000000e+00 0.00000000e+00 -9.88450967e-01 -4.41926196e-01
1.00000000e+00 0.00000000e+00 -9.64037595e-01 1.40895365e+00
1.00000000e+00 0.00000000e+00 -8.13294644e-01 -6.76223900e-01
1.00000000e+00 0.00000000e+00 -2.87196392e-01 -9.66499018e-01
1.00000000e+00 0.00000000e+00 -1.75427417e-01 -3.99624441e-01
1.00000000e+00 0.00000000e+00 -7.84588975e-01 1.21528398e-01
1.00000000e+00 0.00000000e+00 -8.03551467e-01 1.43644760e+00
1.00000000e+00 0.00000000e+00 -9.09513195e-01 1.25071689e+00
1.00000000e+00 0.00000000e+00 -9.66708277e-01 1.80520871e+00
1.00000000e+00 0.00000000e+00 -7.05457389e-01 -8.48886666e-01
1.00000000e+00 0.00000000e+00 -9.15439379e-01 1.86806023e-02
1.00000000e+00 0.00000000e+00 -9.76492722e-01 7.10223770e-01
1.00000000e+00 0.00000000e+00 -9.48298330e-01 1.58668567e+00
1.00000000e+00 0.00000000e+00 6.33268254e-01 1.22161208e+00
1.00000000e+00 0.00000000e+00 -7.40069138e-01 1.53185090e+00
1.00000000e+00 0.00000000e+00 -8.24124098e-01 1.54556966e+00
1.00000000e+00 0.00000000e+00 -8.43818562e-01 7.92785274e-01
1.00000000e+00 0.00000000e+00 -8.56235573e-01 -3.98585342e-01
1.00000000e+00 0.00000000e+00 -7.38366855e-01 -9.29456932e-02
1.00000000e+00 0.00000000e+00 -7.51558973e-01 -2.27792036e-01
1.00000000e+00 0.00000000e+00 -9.26584121e-01 4.94591075e-01
1.00000000e+00 0.00000000e+00 -7.30905130e-01 1.51858156e+00
1.00000000e+00 0.00000000e+00 -7.97111925e-01 4.32916379e-01
1.00000000e+00 0.00000000e+00 -9.13466628e-01 1.08966777e+00
1.00000000e+00 0.00000000e+00 -9.19875613e-01 7.92642160e-01
1.00000000e+00 0.00000000e+00 -9.42447673e-01 1.82624452e+00
1.00000000e+00 0.00000000e+00 -9.20516189e-01 1.02324413e-02
1.00000000e+00 0.00000000e+00 -8.50603548e-01 -1.48840487e-01
1.00000000e+00 0.00000000e+00 -5.71543393e-01 -1.37680272e-01
1.00000000e+00 0.00000000e+00 -5.70764613e-01 1.40977223e+00
1.00000000e+00 0.00000000e+00 -7.34422740e-01 1.29531455e+00
1.00000000e+00 0.00000000e+00 -4.43932327e-01 5.53519284e-02
1.00000000e+00 0.00000000e+00 -3.67071861e-01 8.68006885e-01
1.00000000e+00 0.00000000e+00 -9.59185509e-01 1.46621186e+00
1.00000000e+00 0.00000000e+00 -9.94281264e-01 7.04980544e-01
1.00000000e+00 0.00000000e+00 -9.32127158e-01 -5.88451092e-01
1.00000000e+00 0.00000000e+00 -8.04313381e-01 1.01339463e-01
1.00000000e+00 0.00000000e+00 -9.22423819e-01 5.23591638e-01
1.00000000e+00 0.00000000e+00 -8.24504193e-01 -2.08743792e-01
1.00000000e+00 0.00000000e+00 -9.23385972e-01 1.33591626e+00
1.00000000e+00 0.00000000e+00 -6.08251292e-01 -9.91812351e-01
1.00000000e+00 0.00000000e+00 -6.49172527e-01 -7.02066175e-01
1.00000000e+00 0.00000000e+00 -7.65816739e-01 -8.92891147e-01
1.00000000e+00 0.00000000e+00 -9.91183172e-01 2.97072946e-01
1.00000000e+00 0.00000000e+00 -8.51357008e-01 1.83655831e+00
1.00000000e+00 0.00000000e+00 -9.06890274e-01 -4.49071404e-01
1.00000000e+00 0.00000000e+00 -9.02216248e-01 -2.17676326e-01
1.00000000e+00 0.00000000e+00 -9.13424202e-01 1.88219838e+00
