1.00000000e+00 0.00000000e+00 2.19211184e-02 4.06640338e-01
1.00000000e+00 0.00000000e+00 8.65413946e-02 1.50947308e+00
1.00000000e+00 0.00000000e+00 1.73906113e-01 4.34671905e-01
1.00000000e+00 0.00000000e+00 6.40941846e-02 1.80158994e+00
1.00000000e+00 0.00000000e+00 5.92531181e-02 7.95287771e-01
1.00000000e+00 0.00000000e+00 2.50210540e-02 1.20078467e-01
1.00000000e+00 0.00000000e+00 3.02835202e-02 3.36910021e-01
1.00000000e+00 0.00000000e+00 7.99670485e-02 4.09822214e-02
1.00000000e+00 0.00000000e+00 1.25347045e-01 1.34283364e+00
1.00000000e+00 0.00000000e+00 1.29902469e-02 1.29685858e+00
1.00000000e+00 0.00000000e+00 8.38113661e-03 1.24543376e+00
1.00000000e+00 0.00000000e+00 2.21580435e-02 1.45768700e+00
1.00000000e+00 0.00000000e+00 1.23247761e-01 2.17845194e+00
1.00000000e+00 0.00000000e+00 1.12150635e-01 1.11794337e+00
1.00000000e+00 0.00000000e+00 5.65701808e-02 5.34326553e-01
1.00000000e+00 0.00000000e+00 4.72212627e-02 1.59999801e+00
1.00000000e+00 0.00000000e+00 1.15368924e-01 2.85006046e+00
1.00000000e+00 0.00000000e+00 2.76794263e-02 2.50245897e+00
1.00000000e+00 0.00000000e+00 6.56950351e-02 5.35214238e-01
1.00000000e+00 0.00000000e+00 3.50925807e-02 2.13656894e+00
1.00000000e+00 0.00000000e+00 2.46428996e-02 1.14868458e+00
1.00000000e+00 0.00000000e+00 2.50598335e-02 4.05211624e-01
1.00000000e+00 0.00000000e+00 1.18002467e-02 2.82204507e+00
1.00000000e+00 0.00000000e+00 7.92941545e-02 2.95558924e-01
1.00000000e+00 0.00000000e+00 1.63351438e-01 2.95969701e+00
1.00000000e+00 0.00000000e+00 3.49397946e-02 1.43160992e-01
1.00000000e+00 0.00000000e+00 1.06438186e-01 2.13918390e-02
1.00000000e+00 0.00000000e+00 9.96195882e-02 2.92898279e+00
1.00000000e+00 0.00000000e+00 4.78328562e-02 1.46955013e-01
1.00000000e+00 0.00000000e+00 1.28046831e-01 7.93487971e-01
1.00000000e+00 0.00000000e+00 2.02174308e-02 9.00651003e-01
1.00000000e+00 0.00000000e+00 1.75212754e-02 4.91215804e-01
1.00000000e+00 0.00000000e+00 5.20974700e-02 2.99408172e+00
1.00000000e+00 0.00000000e+00 3.67423811e-02 2.47071746e+00
1.00000000e+00 0.00000000e+00 2.43391093e-02 2.77194997e-01
1.00000000e+00 0.00000000e+00 1.85400101e-01 2.05062200e-02
1.00000000e+00 0.00000000e+00 3.31846385e-02 2.91274561e-02
1.00000000e+00 0.00000000e+00 1.27990686e-01 2.36511417e+00
1.00000000e+00 0.00000000e+00 2.52602350e-01 2.74388082e+00
1.00000000e+00 0.00000000e+00 3.73931386e-02 1.09290521e+00
1.00000000e+00 0.00000000e+00 3.10901346e-02 1.80559379e+00
1.00000000e+00 0.00000000e+00 1.09233472e-01 2.71096437e+00
1.00000000e+00 0.00000000e+00 3.69074304e-02 2.93837249e-01
1.00000000e+00 0.00000000e+00 3.93499518e-01 1.38234399e+00
1.00000000e+00 0.00000000e+00 1.99710853e-02 1.12920381e+00
1.00000000e+00 0.00000000e+00 1.97789965e-04 2.93878587e-01
1.00000000e+00 0.00000000e+00 9.82871985e-02 1.09683240e+00
1.00000000e+00 0.00000000e+00 2.82059184e-02 1.79698827e+00
1.00000000e+00 0.00000000e+00 7.26245364e-02 1.02555734e+00
1.00000000e+00 0.00000000e+00 1.39433048e-01 1.23079524e+00
1.00000000e+00 0.00000000e+00 1.90099745e-01 2.61838953e+00
1.00000000e+00 0.00000000e+00 4.45234717e-02 2.31219705e+00
1.00000000e+00 0.00000000e+00 2.30213777e-02 1.77823979e+00
1.00000000e+00 0.00000000e+00 6.20647933e-02 1.50419695e+00
1.00000000e+00 0.00000000e+00 3.61077893e-03 5.02640824e-01
1.00000000e+00 0.00000000e+00 3.34896493e-02 2.34664155e-01
1.00000000e+00 0.00000000e+00 8.87833804e-02 1.18230928e+00
1.00000000e+00 0.00000000e+00 9.70355224e-02 1.17436893e+00
1.00000000e+00 0.00000000e+00 2.10322406e-01 1.64722549e+00
1.00000000e+00 0.00000000e+00 2.19119145e-02 1.92592584e+00
1.00000000e+00 0.00000000e+00 1.79137743e-01 2.07040045e+00
1.00000000e+00 0.00000000e+00 1.06620911e-02 2.75570387e+00
1.00000000e+00 0.00000000e+00 1.42298515e-01 6.05848558e-01
1.00000000e+00 0.00000000e+00 3.64682326e-03 1.53098119e+00
1.00000000e+00 0.00000000e+00 1.63155651e-01 8.23118479e-02
1.00000000e+00 0.00000000e+00 1.08843337e-01 7.08737154e-01
1.00000000e+00 0.00000000e+00 4.70887516e-02 1.26849307e+00
1.00000000e+00 0.00000000e+00 1.64253060e-01 8.85731082e-01
1.00000000e+00 0.00000000e+00 4.89368819e-02 1.72053453e+00
1.00000000e+00 0.00000000e+00 1.20775341e-02 1.70886180e+00
1.00000000e+00 0.00000000e+00 6.87868590e-02 2.56380368e+00
1.00000000e+00 0.00000000e+00 1.54661031e-01 2.83208640e+00
1.00000000e+00 0.00000000e+00 6.14095828e-02 1.87313796e+00
1.00000000e+00 0.00000000e+00 7.48746782e-02 6.65476620e-01
1.00000000e+00 0.00000000e+00 1.08509150e-01 2.47978284e+00
1.00000000e+00 0.00000000e+00 3.26969104e-02 1.03212744e+00
1.00000000e+00 0.00000000e+00 1.75790713e-01 2.55038806e+00
1.00000000e+00 0.00000000e+00 6.73526732e-04 2.02519381e+00
1.00000000e+00 0.00000000e+00 1.97292464e-02 9.65012646e-01
1.00000000e+00 0.00000000e+00 4.57074878e-02 1.72295862e-01
1.00000000e+00 0.00000000e+00 3.41561865e-01 7.66805239e-01
1.00000000e+00 0.00000000e+00 4.55945226e-02 1.72961465e+00
1.00000000e+00 0.00000000e+00 9.19868896e-02 6.00681150e-01
1.00000000e+00 0.00000000e+00 9.95842664e-02 2.51443769e+00
1.00000000e+00 0.00000000e+00 6.00363772e-02 5.47018189e-01
1.00000000e+00 0.00000000e+00 6.57461391e-02 4.34837443e-01
1.00000000e+00 0.00000000e+00 1.29943973e-01 1.00547862e+00
1.00000000e+00 0.00000000e+00 2.41013995e-03 2.64059644e+00
1.00000000e+00 0.00000000e+00 1.21867935e-01 8.10975837e-01
1.00000000e+00 0.00000000e+00 1.32575886e-02 1.92771142e+00
1.00000000e+00 0.00000000e+00 1.00972521e-01 6.51677939e-01
1.00000000e+00 0.00000000e+00 3.15630145e-02 1.88453253e+00
1.00000000e+00 0.00000000e+00 1.95539611e-01 1.80437605e+00
1.00000000e+00 0.00000000e+00 6.12315853e-02 1.88279587e+00
1.00000000e+00 0.00000000e+00 1.39906178e-01 1.24158940e+00
1.00000000e+00 0.00000000e+00 4.56646880e-02 3.05576245e-01
1.00000000e+00 0.00000000e+00 8.17152561e-03 8.92629810e-01
1.00000000e+00 0.00000000e+00 1.25147198e-01 1.47606214e+00
1.00000000e+00 0.00000000e+00 9.75041859e-02 9.00911989e-01
1.00000000e+00 0.00000000e+00 1.38447343e-01 1.34211905e+00
1.00000000e+00 0.00000000e+00 2.32651520e-02 2.89234314e-03
1.00000000e+00 0.00000000e+00 8.01813510e-02 2.42505628e+00
1.00000000e+00 0.00000000e+00 1.93742822e-02 1.32815306e+00
1.00000000e+00 0.00000000e+00 9.32537275e-02 1.17044682e+00
1.00000000e+00 0.00000000e+00 1.45160547e-01 2.18361887e+00
1.00000000e+00 0.00000000e+00 3.76346661e-02 2.27506756e+00
1.00000000e+00 0.00000000e+00 6.84119898e-03 2.21987722e+00
1.00000000e+00 0.00000000e+00 2.93008685e-02 2.64424491e+00
1.00000000e+00 0.00000000e+00 2.75518935e-01 1.62652404e+00
1.00000000e+00 0.00000000e+00 1.05316845e-01 1.87812901e+00
1.00000000e+00 0.00000000e+00 8.24031644e-02 1.17374344e+00
1.00000000e+00 0.00000000e+00 2.48308112e-02 9.95219972e-01
1.00000000e+00 0.00000000e+00 9.03470590e-02 4.99657801e-01
1.00000000e+00 0.00000000e+00 3.15222347e-02 1.72785164e+00
1.00000000e+00 0.00000000e+00 7.59542324e-02 2.17062740e+00
1.00000000e+00 0.00000000e+00 9.05989360e-02 5.71022036e-01
1.00000000e+00 0.00000000e+00 4.70827704e-02 2.77014373e+00
1.00000000e+00 0.00000000e+00 1.74181496e-02 1.09559533e+00
1.00000000e+00 0.00000000e+00 1.24536099e-01 2.31232680e+00
1.00000000e+00 0.00000000e+00 3.82502560e-02 1.75781821e+00
1.00000000e+00 0.00000000e+00 6.05640447e-02 9.65029285e-01
1.00000000e+00 0.00000000e+00 9.87928168e-02 1.53882254e+00
1.00000000e+00 0.00000000e+00 8.12671909e-02 3.15506138e-01
1.00000000e+00 0.00000000e+00 1.19778304e-01 1.53338044e+00
1.00000000e+00 0.00000000e+00 1.31577605e-01 5.93352857e-01
1.00000000e+00 0.00000000e+00 8.33894310e-02 7.70950096e-02
1.00000000e+00 0.00000000e+00 2.44375007e-02 1.86008719e+00
1.00000000e+00 0.00000000e+00 7.61877378e-02 2.18794945e+00
1.00000000e+00 0.00000000e+00 7.78592721e-02 2.37775180e+00
1.00000000e+00 0.00000000e+00 5.10410820e-03 1.05234560e+00
1.00000000e+00 0.00000000e+00 1.58777331e-01 4.23006267e-02
1.00000000e+00 0.00000000e+00 9.73236348e-03 7.02028737e-02
1.00000000e+00 0.00000000e+00 5.83878365e-02 1.32902773e+00
1.00000000e+00 0.00000000e+00 9.17713190e-02 5.01259007e-02
1.00000000e+00 0.00000000e+00 1.25586221e-01 1.95507411e+00
1.00000000e+00 0.00000000e+00 8.52377942e-02 1.66445071e+00
1.00000000e+00 0.00000000e+00 3.60214572e-02 2.05466141e+00
1.00000000e+00 0.00000000e+00 1.13098947e-01 2.33777276e+00
1.00000000e+00 0.00000000e+00 2.30130715e-02 1.76149545e+00
1.00000000e+00 0.00000000e+00 1.08617151e-01 2.76720640e+00
1.00000000e+00 0.00000000e+00 3.30371681e-02 5.18034101e-01
1.00000000e+00 0.00000000e+00 2.22945481e-01 5.29720681e-01
1.00000000e+00 0.00000000e+00 3.16690224e-02 8.25508000e-01
1.00000000e+00 0.00000000e+00 6.81595018e-02 2.45823566e-01
1.00000000e+00 0.00000000e+00 6.97686576e-02 1.85026743e+00
1.00000000e+00 0.00000000e+00 9.67312822e-02 2.50132688e+00
1.00000000e+00 0.00000000e+00 3.34639240e-02 1.90785795e+00
1.00000000e+00 0.00000000e+00 9.69300665e-02 2.97093035e+00
1.00000000e+00 0.00000000e+00 9.94128544e-05 1.91148744e+00
1.00000000e+00 0.00000000e+00 1.93395692e-01 1.11741744e-01
1.00000000e+00 0.00000000e+00 5.95714241e-02 1.29985842e+00
1.00000000e+00 0.00000000e+00 7.84176729e-03 1.69369904e+00
1.00000000e+00 0.00000000e+00 2.07547676e-02 1.76815650e-01
1.00000000e+00 0.00000000e+00 1.18323000e-01 2.48728544e+00
1.00000000e+00 0.00000000e+00 8.26482460e-02 1.42975130e-01
1.00000000e+00 0.00000000e+00 1.90745902e-02 1.21164275e+00
1.00000000e+00 0.00000000e+00 2.62791194e-01 4.41909253e-01
1.00000000e+00 0.00000000e+00 2.73949030e-02 1.89239273e-01
1.00000000e+00 0.00000000e+00 1.32403572e-01 2.05495426e+00
1.00000000e+00 0.00000000e+00 1.54913089e-02 1.50233215e+00
1.00000000e+00 0.00000000e+00 4.19683600e-01 1.91980096e+00
1.00000000e+00 0.00000000e+00 4.77064089e-02 2.43212593e+00
1.00000000e+00 0.00000000e+00 2.42380546e-02 2.11341509e+00
1.00000000e+00 0.00000000e+00 1.58400665e-02 1.84380275e+00
1.00000000e+00 0.00000000e+00 2.67469093e-02 2.13776395e+00
1.00000000e+00 0.00000000e+00 4.02138977e-01 7.77332209e-01
1.00000000e+00 0.00000000e+00 1.95229040e-01 1.78823435e+00
1.00000000e+00 0.00000000e+00 9.35882325e-02 8.50043923e-01
1.00000000e+00 0.00000000e+00 9.11270050e-02 1.02128955e+00
1.00000000e+00 0.00000000e+00 8.84125187e-02 4.82103080e-01
1.00000000e+00 0.00000000e+00 1.81367898e-01 2.92051335e+00
1.00000000e+00 0.00000000e+00 1.93023142e-02 2.22085689e+00
1.00000000e+00 0.00000000e+00 9.10837656e-02 5.30425254e-01
1.00000000e+00 0.00000000e+00 2.86460211e-01 2.09180458e-01
1.00000000e+00 0.00000000e+00 3.01956735e-02 2.04136852e+00
1.00000000e+00 0.00000000e+00 3.57968272e-02 2.45303441e+00
1.00000000e+00 0.00000000e+00 5.09124499e-02 2.63890633e-01
1.00000000e+00 0.00000000e+00 1.87505264e-01 8.83364221e-01
1.00000000e+00 0.00000000e+00 2.64953514e-01 1.81294639e+00
1.00000000e+00 0.00000000e+00 2.73817494e-02 1.98552080e+00
1.00000000e+00 0.00000000e+00 4.09908293e-02 2.02793812e+00
1.00000000e+00 0.00000000e+00 1.01918681e-02 2.42064142e+00
1.00000000e+00 0.00000000e+00 4.01209806e-02 6.98963282e-01
1.00000000e+00 0.00000000e+00 2.58610181e-01 4.11675804e-01
1.00000000e+00 0.00000000e+00 1.42860890e-01 1.76559567e+00
1.00000000e+00 0.00000000e+00 3.33303477e-01 2.06571633e+00
1.00000000e+00 0.00000000e+00 1.21952030e-01 8.86320168e-01
1.00000000e+00 0.00000000e+00 2.24107244e-01 1.97789241e+00
1.00000000e+00 0.00000000e+00 4.99608009e-03 1.66146921e+00
1.00000000e+00 0.00000000e+00 1.12794741e-01 1.36858079e+00
1.00000000e+00 0.00000000e+00 8.32450950e-02 1.04049851e+00
1.00000000e+00 0.00000000e+00 2.61379903e-01 1.63731671e-02
1.00000000e+00 0.00000000e+00 7.48745009e-02 1.82962996e-01
1.00000000e+00 0.00000000e+00 1.50671253e-02 2.76244044e+00
1.00000000e+00 0.00000000e+00 8.00721527e-02 1.18069843e-01
1.00000000e+00 0.00000000e+00 5.41279807e-02 1.46791841e-01
1.00000000e+00 0.00000000e+00 1.91193488e-02 6.79906049e-01
1.00000000e+00 0.00000000e+00 6.42744888e-02 2.80368949e+00
1.00000000e+00 0.00000000e+00 9.21021381e-02 6.13390637e-01
1.00000000e+00 0.00000000e+00 1.82562552e-01 1.52831791e+00
1.00000000e+00 0.00000000e+00 1.07244881e-01 2.10819711e+00
1.00000000e+00 0.00000000e+00 1.16974585e-01 5.67639211e-01
1.00000000e+00 0.00000000e+00 5.72519750e-02 7.93625542e-01
1.00000000e+00 0.00000000e+00 7.56232329e-02 1.39833408e+00
1.00000000e+00 0.00000000e+00 1.77120905e-01 2.07246474e+00
1.00000000e+00 0.00000000e+00 1.78956802e-01 1.06465163e+00
1.00000000e+00 0.00000000e+00 1.92889024e-03 1.46526179e-01
1.00000000e+00 0.00000000e+00 3.47483921e-03 2.11174883e+00
1.00000000e+00 0.00000000e+00 5.21304199e-02 1.98757807e+00
1.00000000e+00 0.00000000e+00 2.98756296e-02 2.16410151e+00
1.00000000e+00 0.00000000e+00 1.63915122e-01 1.38004804e-01
1.00000000e+00 0.00000000e+00 2.09253930e-01 2.99433436e+00
1.00000000e+00 0.00000000e+00 1.53835449e-01 2.89939885e+00
1.00000000e+00 0.00000000e+00 9.88511408e-03 8.81753767e-02
1.00000000e+00 0.00000000e+00 8.54094631e-02 9.46869990e-01
1.00000000e+00 0.00000000e+00 1.95131663e-01 1.87862556e+00
1.00000000e+00 0.00000000e+00 2.40859490e-01 5.28143898e-01
1.00000000e+00 0.00000000e+00 9.20126142e-02 5.40278574e-01
1.00000000e+00 0.00000000e+00 2.89718315e-02 2.93260189e+00
1.00000000e+00 0.00000000e+00 9.83361830e-02 2.17426751e+00
1.00000000e+00 0.00000000e+00 1.50299223e-02 2.62057862e+00
1.00000000e+00 0.00000000e+00 7.98513926e-02 2.46299720e+00
1.00000000e+00 0.00000000e+00 2.12597701e-02 3.04541504e-01
1.00000000e+00 0.00000000e+00 2.34004526e-02 1.42126074e+00
1.00000000e+00 0.00000000e+00 4.38783110e-02 1.31605327e+00
1.00000000e+00 0.00000000e+00 7.70933165e-02 2.02309464e+00
1.00000000e+00 0.00000000e+00 1.39331399e-02 2.72727345e+00
1.00000000e+00 0.00000000e+00 3.62938899e-02 1.66307266e+00
1.00000000e+00 0.00000000e+00 2.73688201e-01 6.30539656e-01
1.00000000e+00 0.00000000e+00 1.95569738e-01 1.44568696e+00
1.00000000e+00 0.00000000e+00 2.12265842e-02 1.52340144e+00
1.00000000e+00 0.00000000e+00 6.21208002e-03 1.57697150e+00
1.00000000e+00 0.00000000e+00 2.91559038e-02 2.28914450e+00
1.00000000e+00 0.00000000e+00 2.27329231e-02 1.28230167e+00
1.00000000e+00 0.00000000e+00 3.18926252e-02 5.78134332e-01
1.00000000e+00 0.00000000e+00 7.14794146e-02 2.97034294e+00
1.00000000e+00 0.00000000e+00 2.22340621e-02 3.04145494e-01
1.00000000e+00 0.00000000e+00 1.54031660e-02 1.48582536e+00
1.00000000e+00 0.00000000e+00 1.09369559e-02 2.14310854e+00
1.00000000e+00 0.00000000e+00 2.66301450e-02 2.79418991e+00
1.00000000e+00 0.00000000e+00 4.81288456e-02 2.60622675e+00
1.00000000e+00 0.00000000e+00 5.92400106e-02 2.09310296e+00
1.00000000e+00 0.00000000e+00 4.55543443e-02 7.29434795e-01
1.00000000e+00 0.00000000e+00 2.97001816e-02 7.10299266e-01
1.00000000e+00 0.00000000e+00 7.05973489e-03 1.98336995e+00
1.00000000e+00 0.00000000e+00 5.69677639e-02 2.13768808e+00
1.00000000e+00 0.00000000e+00 5.44803184e-02 1.37453673e+00
1.00000000e+00 0.00000000e+00 7.25110590e-03 3.03222621e-01
1.00000000e+00 0.00000000e+00 2.21860758e-01 7.49292185e-01
1.00000000e+00 0.00000000e+00 3.62004134e-02 2.41050840e+00
1.00000000e+00 0.00000000e+00 5.33012327e-02 1.33611661e+00
1.00000000e+00 0.00000000e+00 1.52797659e-01 1.69012930e+00
1.00000000e+00 0.00000000e+00 1.23045672e-02 1.93911326e+00
1.00000000e+00 0.00000000e+00 4.49098186e-03 2.87418975e+00
1.00000000e+00 0.00000000e+00 1.04393890e-02 1.40748351e+00
1.00000000e+00 0.00000000e+00 3.48459287e-02 1.73714399e+00
1.00000000e+00 0.00000000e+00 3.13439567e-02 1.30307414e+00
1.00000000e+00 0.00000000e+00 9.80468027e-02 2.59419300e+00
1.00000000e+00 0.00000000e+00 1.01066815e-01 6.64222378e-01
1.00000000e+00 0.00000000e+00 1.66854553e-02 4.90999420e-01
1.00000000e+00 0.00000000e+00 3.03647638e-02 9.31995555e-01
1.00000000e+00 0.00000000e+00 7.90228929e-03 9.71852342e-01
1.00000000e+00 0.00000000e+00 1.37186101e-01 2.41184456e+00
1.00000000e+00 0.00000000e+00 8.27711612e-03 2.18084608e+00
1.00000000e+00 0.00000000e+00 3.70519896e-02 4.59519556e-01
1.00000000e+00 0.00000000e+00 1.35537850e-01 2.76670261e+00
1.00000000e+00 0.00000000e+00 1.81873282e-01 9.00747065e-02
1.00000000e+00 0.00000000e+00 5.02313781e-02 1.75590207e-02
1.00000000e+00 0.00000000e+00 2.57950132e-02 1.42420913e+00
1.00000000e+00 0.00000000e+00 3.75409103e-02 1.11968432e+00
1.00000000e+00 0.00000000e+00 2.22998089e-02 2.25802076e+00
1.00000000e+00 0.00000000e+00 7.91553109e-03 1.37666364e+00
1.00000000e+00 0.00000000e+00 1.21698657e-01 1.14378612e+00
1.00000000e+00 0.00000000e+00 3.84544023e-02 6.46106469e-01
1.00000000e+00 0.00000000e+00 5.82119202e-02 2.63876775e+00
1.00000000e+00 0.00000000e+00 8.74698263e-02 1.71658096e+00
1.00000000e+00 0.00000000e+00 7.62663620e-02 2.49786759e+00
1.00000000e+00 0.00000000e+00 6.35793774e-02 1.33327752e+00
1.00000000e+00 0.00000000e+00 6.01765451e-02 2.54972204e+00
1.00000000e+00 0.00000000e+00 5.44495785e-02 3.28489264e-01
1.00000000e+00 0.00000000e+00 4.16825242e-02 7.56775225e-01
1.00000000e+00 0.00000000e+00 4.01971428e-02 2.77463864e+00
1.00000000e+00 0.00000000e+00 2.09620460e-01 2.51916000e+00
1.00000000e+00 0.00000000e+00 2.01471082e-02 2.10675155e+00
1.00000000e+00 0.00000000e+00 9.64215101e-02 2.53355118e+00
1.00000000e+00 0.00000000e+00 1.47494955e-01 1.92150123e+00
1.00000000e+00 0.00000000e+00 1.16619675e-03 2.08379069e+00
1.00000000e+00 0.00000000e+00 1.52719456e-02 2.68192304e+00
1.00000000e+00 0.00000000e+00 2.12959410e-02 2.92639202e+00
1.00000000e+00 0.00000000e+00 1.07495691e-01 1.12779262e+00
1.00000000e+00 0.00000000e+00 1.86085228e-01 1.65018497e+00
1.00000000e+00 0.00000000e+00 3.06989123e-02 2.26994813e+00
1.00000000e+00 0.00000000e+00 1.00298240e-01 1.52869448e+00
1.00000000e+00 0.00000000e+00 3.25162292e-01 4.17091557e-01
1.00000000e+00 0.00000000e+00 3.00271797e-01 1.94179979e+00
1.00000000e+00 0.00000000e+00 3.59683742e-02 7.48361107e-02
1.00000000e+00 0.00000000e+00 1.10442386e-01 7.37209365e-01
1.00000000e+00 0.00000000e+00 9.96516300e-02 2.55383075e+00
1.00000000e+00 0.00000000e+00 9.59183214e-02 1.63629040e+00
1.00000000e+00 0.00000000e+00 4.07212685e-01 1.41047854e+00
1.00000000e+00 0.00000000e+00 3.42861351e-02 9.02672242e-01
1.00000000e+00 0.00000000e+00 1.20686409e-02 1.59032624e+00
1.00000000e+00 0.00000000e+00 9.35603925e-02 2.31123706e+00
1.00000000e+00 0.00000000e+00 1.01398874e-01 3.97174231e-01
1.00000000e+00 0.00000000e+00 9.11323941e-02 2.86925539e-01
1.00000000e+00 0.00000000e+00 7.33116634e-02 2.31049043e+00
1.00000000e+00 0.00000000e+00 2.41112449e-01 1.38266164e-01
1.00000000e+00 0.00000000e+00 2.24683453e-02 1.91096570e+00
1.00000000e+00 0.00000000e+00 1.13411587e-01 1.47356025e+00
1.00000000e+00 0.00000000e+00 4.52619127e-02 1.82842513e+00
1.00000000e+00 0.00000000e+00 1.13855974e-01 4.36562329e-01
1.00000000e+00 0.00000000e+00 9.98606935e-02 3.12227383e-01
1.00000000e+00 0.00000000e+00 5.78818839e-02 6.08281476e-01
1.00000000e+00 0.00000000e+00 8.54885175e-04 7.27020755e-01
1.00000000e+00 0.00000000e+00 5.04399082e-02 3.42803162e-01
1.00000000e+00 0.00000000e+00 2.11557973e-01 2.67784739e+00
1.00000000e+00 0.00000000e+00 9.41452332e-02 1.89759998e+00
1.00000000e+00 0.00000000e+00 1.65965572e-01 1.69362339e+00
1.00000000e+00 0.00000000e+00 6.67203824e-04 2.39948259e+00
1.00000000e+00 0.00000000e+00 7.01093690e-03 1.60252779e+00
1.00000000e+00 0.00000000e+00 3.42743659e-02 2.45824595e+00
1.00000000e+00 0.00000000e+00 9.52144385e-02 2.89241601e+00
1.00000000e+00 0.00000000e+00 1.45304513e-01 2.04008820e+00
1.00000000e+00 0.00000000e+00 1.42029895e-01 1.68382236e+00
1.00000000e+00 0.00000000e+00 2.23022975e-01 1.31253065e+00
1.00000000e+00 0.00000000e+00 3.17392179e-02 2.47839743e+00
1.00000000e+00 0.00000000e+00 1.08306745e-01 1.59764784e-01
1.00000000e+00 0.00000000e+00 1.19062540e-01 2.52149943e+00
1.00000000e+00 0.00000000e+00 2.75911431e-02 1.15210761e+00
1.00000000e+00 0.00000000e+00 5.73944547e-02 4.04784288e-01
1.00000000e+00 0.00000000e+00 4.42249859e-02 2.07847692e+00
1.00000000e+00 0.00000000e+00 1.27610573e-02 2.73025537e+00
1.00000000e+00 0.00000000e+00 1.78361467e-02 8.82371736e-01
1.00000000e+00 0.00000000e+00 3.94144894e-02 2.48189855e+00
1.00000000e+00 0.00000000e+00 3.56140369e-01 1.43999934e+00
1.00000000e+00 0.00000000e+00 2.40964083e-02 1.95389976e+00
1.00000000e+00 0.00000000e+00 1.21141501e-01 2.52164934e+00
1.00000000e+00 0.00000000e+00 1.03768628e-01 8.97920302e-01
1.00000000e+00 0.00000000e+00 8.26321270e-02 1.11232313e+00
1.00000000e+00 0.00000000e+00 7.08164977e-03 2.86886709e+00
1.00000000e+00 0.00000000e+00 7.26052774e-02 6.33666561e-02
1.00000000e+00 0.00000000e+00 1.53207577e-01 2.81229079e+00
1.00000000e+00 0.00000000e+00 2.59736594e-02 9.48692883e-01
1.00000000e+00 0.00000000e+00 2.48417092e-01 2.71529658e+00
1.00000000e+00 0.00000000e+00 3.49194265e-03 2.41303249e+00
1.00000000e+00 0.00000000e+00 3.05459180e-02 2.68847583e+00
1.00000000e+00 0.00000000e+00 2.99065757e-02 2.79760796e+00
1.00000000e+00 0.00000000e+00 6.63846668e-02 8.00494542e-01
1.00000000e+00 0.00000000e+00 4.44743621e-02 1.06737958e+00
1.00000000e+00 0.00000000e+00 1.70072953e-01 1.48929098e+00
